200	0.399419444730505	23.1804428286515
197.5	0.400242422436815	23.181378363717
195	0.399998234275031	23.1812467329144
192.5	0.399403822738233	23.1807648787368
190	0.398866839467651	23.1803404528254
187.5	0.398300120999121	23.1798862917161
185	0.398520176303926	23.1802189043801
182.5	0.398634124122228	23.1804454095576
180	0.398474408432168	23.1803982512268
177.5	0.39824153194499	23.1802779320988
175	0.398171492806625	23.1803204503196
172.5	0.397929648003878	23.1801911628761
170	0.397864909377301	23.1802389816087
167.5	0.397657173844919	23.1801438034355
165	0.397151703859492	23.1797508908093
162.5	0.397235416290624	23.1799471605996
160	0.396923387182245	23.1797476888504
157.5	0.396961006824213	23.1798978658516
155	0.396827827055549	23.1798772434421
152.5	0.396435687911698	23.1795976616575
150	0.39648794773542	23.1797624788404
147.5	0.396562699033275	23.1799497874974
145	0.396453189950261	23.1799528357736
142.5	0.396640876782129	23.1802530799647
140	0.396778718875076	23.1805034794168
137.5	0.396447976713084	23.1802852946141
135	0.396401382885895	23.1803512581461
132.5	0.396730088602602	23.180792521222
130	0.396250296516353	23.1804252864949
127.5	0.395892963988267	23.180180511326
125	0.395325318570421	23.1797254232674
122.5	0.395222748712627	23.1797354107688
120	0.395243688876121	23.1798689082915
117.5	0.394969517776502	23.1797072945511
115	0.394727927015449	23.1795782611492
112.5	0.394735915413467	23.1796988069064
110	0.394561710310736	23.1796371591629
107.5	0.394513631507529	23.1797016377189
105	0.394488464785979	23.1797890283565
102.5	0.394226777159748	23.1796398980895
100	0.394215653045844	23.1797413313348
97.5	0.394466492775951	23.1801047284241
95	0.394182739093505	23.1799335321009
92.5	0.393905934696001	23.1797692850626
90	0.393894860190755	23.1798707679165
87.5	0.393823528690177	23.1799119937751
85	0.393697058446577	23.1798980808907
82.5	0.393706763696802	23.1800203435002
80	0.393683954641705	23.1801100918043
77.5	0.39329525709848	23.1798339516202
75	0.392857192398267	23.1795084442792
72.5	0.392743466535059	23.1795072757752
70	0.392773450388454	23.1796498169878
67.5	0.392347131826849	23.1793360557854
65	0.39247390813998	23.1795753894577
62.5	0.39249690220273	23.1797109408797
60	0.392396025331013	23.1797226213672
57.5	0.392204026531502	23.1796431799268
55	0.391923277121993	23.1794749878765
52.5	0.391785208150431	23.1794494762642
50	0.391686212512958	23.1794630379859
47.5	0.391503279912623	23.1793926627448
45	0.39131424556059	23.1793161857519
42.5	0.391230892083733	23.1793453896343
40	0.391245946318183	23.1794730012279
37.5	0.391004004348552	23.1793436166175
35	0.39056393930683	23.179016108935
32.5	0.390237681773783	23.1788024087611
30	0.389463742908891	23.1781410272554
27.5	0.389124082692355	23.1779139243981
25	0.389129895262641	23.1780322943276
22.5	0.388579682686377	23.1775946391105
20	0.387857351058976	23.1769848648423
17.5	0.386563161322211	23.1758032324647
15	0.386069156681561	23.1754217851833
12.5	0.386675580850003	23.1761407667109
10	0.386137109944357	23.1757148531645
7.5	0.385825276294923	23.1755155768743
5	0.382792295674374	23.1725951536129
2.5	0.38030154161898	23.1702169569167
0	0.381495727062642	23.1715236997196
-2.5	0.381792637155236	23.1719331671714
-5	0.380204345216598	23.1704574325919
-7.5	0.378734343146743	23.1690999878813
-10	0.377693360970898	23.1681715630646
-12.5	0.377022656268046	23.167613415721
-15	0.374992837256563	23.1656961540687
-17.5	0.373197028154276	23.1640129023256
-20	0.372333077001244	23.1632615085318
-22.5	0.371623738423121	23.1626647273128
-25	0.372039362779674	23.1631929090286
-27.5	0.37157093976338	23.1628370433715
-30	0.370180366335422	23.1615590273027
-32.5	0.369639897554812	23.1611311158813
-35	0.368943131265521	23.1605469069512
-37.5	0.368053828416549	23.1597701614615
-40	0.36775343110293	23.159582321507
-42.5	0.367909546639833	23.1598509944031
-45	0.358712141291193	23.1507661464137
-47.5	0.316835847558913	23.1090024100406
-50	0.190834448467051	22.983113568308
-52.5	0.031152842544742	22.8235445197449
-55	-0.112624021854316	22.679880212705
-57.5	-0.204833898819732	22.5877828930988
-60	-0.261406952240751	22.531322397037
-62.5	-0.30420931075432	22.4886325958826
-65	-0.334571683686271	22.4583827803098
-67.5	-0.353694212855068	22.4393728085002
-70	-0.367571260409271	22.4256083183052
-72.5	-0.376064877272483	22.4172272588012
-75	-0.383536099328296	22.4098685941046
-77.5	-0.388798603491157	22.4047186473009
-80	-0.391952175068241	22.4016776330831
-82.5	-0.392802759047257	22.4009396064632
-85	-0.39297600381245	22.4008789190572
-87.5	-0.393658868288007	22.4003086119409
-90	-0.394403354922655	22.3996766826654
-92.5	-0.395326896640789	22.3988656983065
-95	-0.395830149121597	22.3984750031849
-97.5	-0.395387486318146	22.3990302233475
-100	-0.397206824477827	22.3973234425471
-102.5	-0.398364510457679	22.3962783139264
-105	-0.400963846267672	22.3937915354756
-107.5	-0.402365554317186	22.3925023847853
-110	-0.402009050791097	22.3929714456706
-112.5	-0.401919833464081	22.3931732203568
-115	-0.402242871130436	22.3929627400497
-117.5	-0.403328312630435	22.3919898559089
-120	-0.40461394215405	22.3908167837444
-122.5	-0.404697679943894	22.3908456033138
-125	-0.404158821232027	22.3914970193849
-127.5	-0.403831403149191	22.3919369948269
-130	-0.405047747485895	22.3908332078494
-132.5	-0.405483441957518	22.390510070737
-135	-0.406434864278168	22.3896712057755
-137.5	-0.407330321009887	22.388888306403
-140	-0.407656707512803	22.3886744772593
-142.5	-0.408343358050189	22.3881003840811
-145	-0.409926290106171	22.3866300093843
-147.5	-0.411333793215849	22.3853350636338
-150	-0.411870520743921	22.384910893465
-152.5	-0.410815265899199	22.3860787056689
-155	-0.411431830134788	22.3855746987925
-157.5	-0.411660497804739	22.3854585884817
-160	-0.411615057973009	22.3856165856727
-162.5	-0.411041942357794	22.3863022586471
-165	-0.410023275725809	22.3874334826383
-167.5	-0.411353126550491	22.3862161891728
-170	-0.410425367177218	22.3872565059053
-172.5	-0.410179360798079	22.3876150696436
-175	-0.411527190020259	22.3863797977806
-177.5	-0.410764009054351	22.3872555361057
-180	-0.408579459203363	22.3895526433159
-182.5	-0.410366533712235	22.3878781261662
-185	-0.41310504492613	22.3852521723115
-187.5	-0.413034156674858	22.385435617922
-190	-0.412734502315704	22.3858478296404
-192.5	-0.413794753640186	22.3849001356751
-195	-0.41382469773415	22.3849827489403
-197.5	-0.4136971715212	22.3852228325125
-200	-0.412215869790959	22.3868166916019
-197.5	-0.411350367516309	22.3877947512358
-195	-0.41195821900844	22.3872994571028
-192.5	-0.412730886245182	22.3866393472253
-190	-0.413901189223171	22.3855816016065
-187.5	-0.41416245557453	22.3854328926143
-185	-0.413470280352396	22.3862376251957
-182.5	-0.414395110916921	22.3854253519903
-180	-0.412456935852951	22.3874760844135
-177.5	-0.40984424202944	22.3902013355962
-175	-0.409159194780276	22.3909989402046
-172.5	-0.408519967528413	22.3917507248156
-170	-0.406938531597916	22.3934447181053
-167.5	-0.406772527898681	22.3937232791638
-165	-0.408256105349508	22.3923522590721
-162.5	-0.406911864406254	22.3938090573746
-160	-0.407923046640153	22.3929104324999
-157.5	-0.407225093548274	22.393720942951
-155	-0.405804648407397	22.3952539454511
-152.5	-0.40584804923957	22.3953231019781
-150	-0.404610358264183	22.3966733503127
-147.5	-0.40633694552081	22.3950593204152
-145	-0.405049528615486	22.3964592946798
-142.5	-0.404465410645145	22.3971559700093
-140	-0.406872673475544	22.3948612645381
-137.5	-0.406259627273148	22.3955868680997
-135	-0.405438083787761	22.3965209689443
-132.5	-0.406069816732444	22.3960017933588
-130	-0.403508532124725	22.3986756353257
-127.5	-0.403885290947468	22.3984114338622
-125	-0.404720308517032	22.3976889736518
-122.5	-0.404289625085084	22.398232214443
-120	-0.404691745842339	22.3979426510449
-117.5	-0.404069468965503	22.3986774852809
-115	-0.404088905270804	22.3987706063348
-112.5	-0.404679633369572	22.3982924355953
-110	-0.404077098967491	22.3990075273565
-107.5	-0.404227292848201	22.398969890835
-105	-0.403286321207212	22.4000234198352
-102.5	-0.403532545305644	22.399889753096
-100	-0.402940596024163	22.4005942597367
-97.5	-0.40274124156565	22.4009061715544
-95	-0.402647251068871	22.4011127194104
-92.5	-0.402614325535332	22.4012582023031
-90	-0.402761595442239	22.4012234897554
-87.5	-0.402804999492066	22.4012926430648
-85	-0.402976792535998	22.40123340738
-82.5	-0.403053097605547	22.4012696596697
-80	-0.403201982762596	22.4012333318718
-77.5	-0.403213433164499	22.4013344388291
-75	-0.403294819627398	22.4013656097254
-72.5	-0.403396713733017	22.401376272979
-70	-0.403379889660695	22.4015056544105
-67.5	-0.403348310877416	22.401649790553
-65	-0.40355268273451	22.4015579760551
-62.5	-0.403787569152314	22.4014356469965
-60	-0.403745346148106	22.4015904273599
-57.5	-0.403929760440359	22.4015185704269
-55	-0.403953046147372	22.401607842079
-52.5	-0.403950603762599	22.401722841823
-50	-0.404230916925741	22.4015550860191
-47.5	-0.404053636833076	22.4018449234709
-45	-0.40381906805046	22.4021920496128
-42.5	-0.403473407296005	22.4026502677264
-40	-0.402995123232003	22.4032411091496
-37.5	-0.40245534243159	22.4038934473092
-35	-0.40222242805779	22.4042389190422
-32.5	-0.40179235343313	22.4047815510261
-30	-0.400469766196178	22.4062166956222
-27.5	-0.398035450843249	22.4087635683344
-25	-0.396759831835212	22.4101517447016
-22.5	-0.395939349132437	22.4110847847636
-20	-0.394372890778577	22.4127638004766
-17.5	-0.393458792284139	22.4137904563303
-15	-0.393293991410179	22.4140678145634
-12.5	-0.392425257576829	22.415049105756
-10	-0.3916955251098	22.4158913955822
-7.5	-0.390156195894207	22.417543282157
-5	-0.388957269875075	22.4188547655353
-2.5	-0.38795626216826	22.4199683306013
0	-0.388219649222943	22.4198175009059
2.5	-0.388245006901258	22.4199047005867
5	-0.388172392034384	22.4200898728128
7.5	-0.388396574286723	22.4199782479197
10	-0.388534977376164	22.4199524021894
12.5	-0.388386200282397	22.4202137366424
15	-0.38805517163204	22.420657322652
17.5	-0.386962201035367	22.4218628506078
20	-0.386091776326158	22.4228458326762
22.5	-0.385072544849358	22.4239776215122
25	-0.383625180772437	22.4255375429484
27.5	-0.381225155755569	22.4280501253244
30	-0.376957443294987	22.4324303951442
32.5	-0.37606321298566	22.4334371828127
35	-0.376317870008847	22.4332950831487
37.5	-0.374820386069896	22.4349051244469
40	-0.372908593267695	22.4369294746083
42.5	-0.370512548298532	22.4394380769367
45	-0.312520520989423	22.497542661605
47.5	-0.137376515115115	22.6727992248385
50	0.0276068283373618	22.8378951256501
52.5	0.136746586273269	22.9471474409453
55	0.217810420169638	23.0283238322008
57.5	0.277657009589554	23.0882829789799
60	0.311520365788422	23.122258892538
62.5	0.335640513918378	23.1464915980272
65	0.355297194933396	23.1662608364014
67.5	0.367123465300484	23.1781996641277
70	0.373284863120297	23.1844736193067
72.5	0.379258781138965	23.1905600946845
75	0.385341761770942	23.1967556326757
77.5	0.386783210928648	23.1983096391926
80	0.386860503789997	23.1984994894132
82.5	0.387152534425656	23.198904077408
85	0.387848311268897	23.1997124116105
87.5	0.389066930907571	23.2010435886083
90	0.389276854333456	23.2013660693934
92.5	0.389177993227371	23.2013797656465
95	0.391214818505887	23.2035291482843
97.5	0.391918155678891	23.2043450428165
100	0.392609966095538	23.2051494105923
102.5	0.392653896520827	23.2053058983768
105	0.396006055271346	23.2087706144865
107.5	0.399388251322986	23.2122653678974
110	0.39786584754037	23.2108555214739
112.5	0.397145666396661	23.2102478976894
115	0.3980411672689	23.2112559559209
117.5	0.399290161760614	23.2126175077718
120	0.399905342315122	23.2133452456855
122.5	0.400992477880131	23.2145449386097
125	0.400396859329273	23.214061877418
127.5	0.401071058321048	23.214848633769
130	0.40160590165965	23.2154960344668
132.5	0.401088178630399	23.2150908687968
135	0.400031841894577	23.2141470894201
137.5	0.400067742940184	23.2142955478249
140	0.401012991965992	23.2153533542099
142.5	0.401721667232486	23.2161745868356
145	0.401884476220246	23.2164499531826
147.5	0.401763412275422	23.216441446597
150	0.401946883471744	23.2167374751525
152.5	0.401871448186508	23.2167745972265
155	0.401761350415619	23.2167770568148
157.5	0.401778807696598	23.2169070714549
160	0.401721980822607	23.2169628019402
162.5	0.401790066170847	23.2171434446476
165	0.401674406117969	23.2171403419539
167.5	0.401392529937205	23.2169710231324
170	0.401211770854744	23.2169028214091
172.5	0.401231378302715	23.2170349862163
175	0.401151438922891	23.2170676041956
177.5	0.401092173908769	23.2171208965407
180	0.401258847433027	23.2174001274242
182.5	0.401025824891292	23.2172796622416
185	0.400832639278658	23.2171990339882
187.5	0.400718107422652	23.2171970594914
190	0.400803584869273	23.2173950942972
192.5	0.401195100910584	23.2178991676977
195	0.400532680538134	23.2173493046845
197.5	0.400077849089847	23.2170070305954
200	0.400062588047163	23.2171043269119
