100	0.0704158818336964	22.1460263396514
98	0.0696729662280546	22.1452683757206
96	0.0693022800611836	22.1448826412285
94	0.0683405896400053	22.1439059024822
92	0.0678503532064596	22.1434006177234
90	0.0676392627610696	22.1431744789528
88	0.0670603568811856	22.1425805247478
86	0.0670836892701558	22.1425888088115
84	0.0670764638028558	22.1425665350191
82	0.0670050901504382	22.1424801130414
80	0.0676767359111707	22.143136710477
78	0.0678042674001986	22.1432491936408
76	0.0683605128476543	22.1437903907631
74	0.0683829701828884	22.1437977997731
72	0.0682381546470907	22.1436379359121
70	0.0684940861743861	22.1438788191142
68	0.0682009880534196	22.1435706726681
66	0.0678810864866293	22.1432357227761
64	0.0686730462960696	22.1440126342603
62	0.0689514141511545	22.1442759537902
60	0.0687761530686011	22.1440856443825
58	0.0687102809950098	22.1440047239837
56	0.068603147610979	22.1438825422745
54	0.0698336072254016	22.1450979535637
52	0.0705965487086999	22.1458458467218
50	0.0703011628537382	22.1455354125417
48	0.0709933991646885	22.1462126005274
46	0.0714624232056593	22.1466665762432
44	0.071473547580986	22.1466626522933
42	0.0704066020364849	22.1455806584236
40	0.071100481214426	22.1462594892764
38	0.0719628723669175	22.1471068321037
36	0.070781354364378	22.1459102657759
34	0.0707663168283048	22.1458801799147
32	0.0705483589053379	22.1456471736665
30	0.0692744313940779	22.1443581978301
28	0.0677372351551568	22.142805953266
26	0.0678629547285112	22.1429166245141
24	0.0680666925726676	22.1431053140331
22	0.067942416648485	22.1429659897837
20	0.0678182102722822	22.1428267350823
18	0.0684147309577163	22.1434082074425
16	0.0687791428733249	22.143757571033
14	0.0694060296517556	22.1443694094862
12	0.0700082350289755	22.1449565665382
10	0.0697466956791892	22.1446799788632
8	0.0701753755252454	22.1450936103841
6	0.0706645084234871	22.1455676949572
4	0.0709253167841482	22.1458134549926
2	0.0696714135310472	22.1445445034143
0	0.0700940836021431	22.1449521251602
-2	0.07081759490179	22.1456605881347
-4	0.0709573325633599	22.1457852774711
-6	0.0700702905391637	22.1448831871217
-8	0.068725149134135	22.1435229973915
-10	0.0621225547358542	22.136905354668
-12	0.0334960155716892	22.1082637671786
-14	-0.00724005445327691	22.0675126488285
-16	-0.0326262223056979	22.0421114326509
-18	-0.0475362251260769	22.0271863815053
-20	-0.0576779203775963	22.0170296379286
-22	-0.062197261643778	22.0124952483372
-24	-0.0639701616423949	22.0107073000134
-26	-0.0654030605749831	22.0092593527556
-28	-0.0667113945688556	22.0079359704365
-30	-0.069475851962725	22.0051564647175
-32	-0.0714878464779964	22.003129421877
-34	-0.0715171387284741	22.0030850813013
-36	-0.0736751549721184	22.0009120167325
-38	-0.0772042582699513	21.9973678651095
-40	-0.0774751958723954	21.9970818791818
-42	-0.0756785942392284	21.9988634324898
-44	-0.0729210505086115	22.0016059278952
-46	-0.0702944067909499	22.0042175232877
-48	-0.0688125146566243	22.0056843670968
-50	-0.0695262065724158	22.0049556268559
-52	-0.0706074736313056	22.0038593114718
-54	-0.0685150824629623	22.0059366543149
-56	-0.0691676262862337	22.0052690621665
-58	-0.0704624689537177	22.0039591711738
-60	-0.0711626515532302	22.0032439402491
-62	-0.0685524679775398	22.0058390754996
-64	-0.0671330362356244	22.0072434589163
-66	-0.0687377406018079	22.0056237062249
-68	-0.068548318741815	22.0057980797597
-70	-0.0685150671501127	22.0058162830262
-72	-0.0695843772134417	22.0047319246377
-74	-0.0718526667474499	22.0024485867785
-76	-0.0735088029775461	22.0007774022232
-78	-0.0728543936441461	22.0014167632314
-80	-0.0733353360601292	22.0009207724902
-82	-0.0743409195894529	21.9999001406357
-84	-0.0745189026785305	21.9997071092215
-86	-0.0737527382254584	22.0004582253493
-88	-0.0743896561706876	21.9998062590789
-90	-0.0763321979515261	21.9978486689729
-92	-0.0772296616329271	21.9969361569663
-94	-0.07855672079301	21.995594049481
-96	-0.07862182165794	21.9955139002909
-98	-0.0781711394330067	21.9959495341906
-100	-0.0781115285740803	21.9959940967244
-98	-0.0785619350955926	21.9955286418777
-96	-0.0777899994339286	21.9962855292141
-94	-0.0766881685713763	21.9973723117515
-92	-0.0751660255448279	21.9988794064528
-90	-0.0745861275327222	21.9994442561398
-88	-0.0759629027859496	21.9980524325613
-86	-0.0769991776842787	21.9970011093378
-84	-0.0770823732177099	21.9969028654792
-82	-0.0760412909222836	21.9979288994494
-80	-0.0765831121906508	21.9973720298559
-78	-0.0772855706915223	21.9966545230298
-76	-0.0761277239729949	21.9977973214231
-74	-0.0737624986205248	22.0001474984504
-72	-0.0706802502934707	22.0032146984523
-70	-0.0701687210260431	22.0037111793945
-68	-0.0732265816522499	22.0006382704431
-66	-0.0749864723290941	21.9988633314411
-64	-0.0756968165686658	21.9981379388763
-62	-0.0761311168995746	21.9976885902202
-60	-0.0757623533534861	21.9980423054411
-58	-0.0754000874821799	21.9983895229872
-56	-0.076627345713586	21.9971472164306
-54	-0.0765488886571148	21.9972106251619
-52	-0.0768426349057734	21.996901830588
-50	-0.077485733749409	21.9962436834192
-48	-0.0762219404474109	21.997492428396
-46	-0.0765597658235713	21.9971395546947
-44	-0.0779229358529498	21.9957613363401
-42	-0.0784037843695806	21.9952654394983
-40	-0.07804277179347	21.9956114037492
-38	-0.0763432880640202	21.9972958391534
-36	-0.0750871054323206	21.9985369734599
-34	-0.0748295041963516	21.9987795263707
-32	-0.0747883286466795	21.9988056535952
-30	-0.0746956576611169	21.9988832762556
-28	-0.073863154962563	21.9997007306289
-26	-0.0748739460912127	21.9986748911751
-24	-0.0768889442404728	21.9966448447006
-22	-0.0776373914477091	21.9958813491682
-20	-0.078168032624653	21.9953356596661
-18	-0.0778392377756347	21.9956494061899
-16	-0.0777884238467337	21.9956851717936
-14	-0.0777616319697145	21.9956969153454
-12	-0.0776548962215742	21.9957886027684
-10	-0.0773864540269855	21.9960419966378
-8	-0.0751064900505867	21.998306912289
-6	-0.0759619765800146	21.9974363774344
-4	-0.0775618617273182	21.9958214439619
-2	-0.0779870840521539	21.9953811733118
0	-0.0783731250097333	21.9949800840291
2	-0.0779311292809624	21.9954070314326
4	-0.0721782388924836	22.0011448734959
6	-0.038039138370074	22.0352689256931
8	0.00531814971669675	22.0786111654547
10	0.0344475942703788	22.1077255616832
12	0.0487757132683875	22.122038632356
14	0.0565078566261974	22.1297557273886
16	0.0636417324167802	22.136874554854
18	0.066961050955392	22.1401788250674
20	0.0666882507063882	22.1398909764933
22	0.0651398748788701	22.1383275523405
24	0.0648535542889732	22.1380261834254
26	0.0649585884101924	22.1381161692215
28	0.0654178446130231	22.1385603770991
30	0.067030157556264	22.1401576417172
32	0.0674676392832687	22.140580075119
34	0.0680898760890862	22.1411872635996
36	0.0687661785173184	22.1418485177026
38	0.0688334978656719	22.1419007887258
40	0.0689310482582108	22.1419832907931
42	0.0689585934441226	22.1419957876539
44	0.0688432160299115	22.1418653619145
46	0.0688893727247937	22.1418964702841
48	0.0693144045805667	22.1423064538147
50	0.0698484479451409	22.1428254488541
52	0.0706825985454707	22.1436445511292
54	0.0713772265179706	22.1443241307766
56	0.0710508499827327	22.1439827059161
58	0.0702746332431126	22.1431914408513
60	0.0703997116661093	22.1433014709491
62	0.0705615759157929	22.1434482868736
64	0.0704169301289959	22.1432885927616
66	0.070258360764516	22.1431149750719
68	0.0701282659241755	22.1429698319064
70	0.0702948170060473	22.1431213346631
72	0.0703841946049835	22.1431956639368
74	0.0699962066189528	22.1427926276256
76	0.0697838383774894	22.1425652110589
78	0.0700290984889378	22.1427954228452
80	0.0700833853898502	22.1428346614209
82	0.0699616735251638	22.142697901231
84	0.0702810054993641	22.1430021848801
86	0.0704002708548295	22.1431064019103
88	0.0701566506027369	22.142847733333
90	0.0699716364884431	22.1426476708936
92	0.069814400414959	22.1424753864949
94	0.0696349364464055	22.1422808742011
96	0.0695869532562909	22.1422178426858
98	0.0697270566418489	22.1423428977462
100	0.0699416832980582	22.1425424760772
