500	0.208308764862654	19.8067546752196
490	0.209204618108906	19.8058602981177
480	0.210301895427971	19.8051673450887
470	0.206508072823546	19.7995832921362
460	0.199738921586857	19.7910239105515
450	0.195434017127877	19.7849287757444
440	0.191298417691343	19.7790029459598
430	0.187814670938337	19.7737289688587
420	0.186192491035161	19.7703165586075
410	0.185678504776067	19.7680123420003
400	0.183288939128598	19.7638325460048
390	0.180280968303904	19.759034344832
380	0.178277905421218	19.7552410516013
370	0.177771519196448	19.7529444350284
360	0.178435814186724	19.7518184996706
350	0.177605869216649	19.7491983243525
340	0.174330181605875	19.7441324063936
330	0.170082627039505	19.7380946214792
320	0.167980786062422	19.734202550154
310	0.168615169635437	19.733046703379
300	0.166888538286329	19.7295298416818
290	0.161558430647169	19.7224095036946
280	0.159016025914472	19.7180768686138
270	0.158565366293221	19.7158359786445
260	0.158297547272696	19.7137779292759
250	0.155984181780443	19.7096743334355
240	0.150990959457875	19.7028908807649
230	0.147546680894251	19.6976563718532
220	0.147729812818387	19.6960492734293
210	0.147658059722414	19.6941872899852
200	0.146654039135559	19.6913930390503
190	0.143383214418929	19.6863319839856
180	0.140944179937559	19.6821027191561
170	0.140245726618488	19.679614035489
160	0.140479551436918	19.6780576299594
150	0.14179513044645	19.6775829786208
140	0.142902225586035	19.6768998434123
130	0.144248936509126	19.6764563239874
120	0.141278562064684	19.6716957191948
110	0.137738858496622	19.6663657852787
100	0.137936848107788	19.6647735445418
90	0.137657905995564	19.6627043720815
80	0.136519172817064	19.6597754085549
70	0.137675864238677	19.6591418696285
60	0.138396162025987	19.6580719370677
50	0.138076118504021	19.6559616631977
40	0.137377994213381	19.653473308559
30	0.134009841264245	19.6483149252617
20	0.131111856077414	19.6436267097268
10	0.131004286029306	19.6417289093307
0	0.13175434287739	19.6406887358307
-10	0.132394493891955	19.6395386564972
-20	0.117052188109927	19.6224061203671
-30	0.0536609594741577	19.5572246613832
-40	-0.0407947436630458	19.4609787278979
-50	-0.102159047227275	19.3978241939856
-60	-0.1334727386749	19.3647202721899
-70	-0.151653382588933	19.3447493979278
-80	-0.162601566782399	19.3320109833863
-90	-0.166789070151189	19.3260332496694
-100	-0.169375996982872	19.3216560924897
-110	-0.173907976860313	19.3153338822642
-120	-0.177485172471066	19.3099664563053
-130	-0.178443827592758	19.3072175708356
-140	-0.178953414146864	19.3049177539334
-150	-0.179599026535001	19.3024819111972
-160	-0.181818938758294	19.2984717686258
-170	-0.184753741427709	19.2937467356083
-180	-0.185847364091732	19.2908628825962
-190	-0.185457348525237	19.2894626678147
-200	-0.184195384817549	19.2889344011743
-210	-0.182928191817631	19.2884113638261
-220	-0.181024995563607	19.2885243297321
-230	-0.17899830692669	19.2887607880209
-240	-0.177461304103371	19.2885075604962
-250	-0.176001892261588	19.2881767419899
-260	-0.174915452135782	19.2874729517676
-270	-0.1756365445267	19.2849616290286
-280	-0.177710569951024	19.2810973732562
-290	-0.178047491474892	19.2789702213843
-300	-0.175867323188982	19.2793601593221
-310	-0.175570389409362	19.2778668627537
-320	-0.178184398716432	19.2734626230985
-330	-0.179056799881433	19.2707999915855
-340	-0.177800719781668	19.2702658413371
-350	-0.176393653634641	19.2698826771361
-360	-0.17480182219073	19.2696842782319
-370	-0.173507943987925	19.2691879260867
-380	-0.172112542697139	19.2687930970294
-390	-0.17110126128442	19.268014148094
-400	-0.172550544484611	19.2647746345458
-410	-0.174016731753419	19.2615182169289
-420	-0.173627564670848	19.2601171536634
-430	-0.174178078487753	19.2577764094984
-440	-0.175096514467178	19.2550677431709
-450	-0.174777555420331	19.2535964718697
-460	-0.174415809840752	19.2521679871012
-470	-0.173484534215099	19.2513090323788
-480	-0.173451631550336	19.2495517046955
-490	-0.174252815546232	19.2469602903515
-500	-0.176789745894951	19.2426331296547
-490	-0.180037481396816	19.2375951638048
-480	-0.178901901719925	19.2369405131336
-470	-0.175658293613132	19.2383938908923
-460	-0.173772210254118	19.2384897439032
-450	-0.172762379283942	19.2377093445254
-440	-0.171489733657921	19.2371917598033
-430	-0.171344080107382	19.2355471830058
-420	-0.169709427349378	19.2353916054157
-410	-0.168634959549777	19.2346758428672
-400	-0.168398418124646	19.2331221539443
-390	-0.167176428256095	19.2325539134648
-380	-0.165662180224743	19.232277931148
-370	-0.165523616521462	19.2306262645033
-360	-0.165161095603981	19.2291985550727
-350	-0.163910781493396	19.2286586388352
-340	-0.162496570326173	19.2282826196543
-330	-0.162773918947387	19.226215040685
-320	-0.163623916947909	19.2235748123364
-310	-0.163791267963525	19.2216172309728
-300	-0.165190078276776	19.2184281903114
-290	-0.165723994401407	19.2161040438387
-280	-0.165129206622204	19.2149086012699
-270	-0.163791390151619	19.2144561873924
-260	-0.162596664328856	19.2138606828671
-250	-0.161811783054695	19.2128553337931
-240	-0.162799887891609	19.2100769986082
-230	-0.162908619516315	19.2081780366354
-220	-0.162758959510107	19.2065374662935
-210	-0.165078454905125	19.2024277405504
-200	-0.166985975856754	19.1987299892507
-190	-0.165911761728896	19.1980139730305
-180	-0.163581467761912	19.1985540366494
-170	-0.162762584211741	19.1975826898515
-160	-0.162174530402361	19.1963805133128
-150	-0.160934729180504	19.1958300841866
-140	-0.160069104236538	19.1949054787825
-130	-0.159303164558722	19.1938811881123
-120	-0.156918804248555	19.1944753180743
-110	-0.154257065292768	19.1953468266821
-100	-0.152221290522267	19.1955923711045
-90	-0.150737624381883	19.1952858068968
-80	-0.149415851720043	19.1948173492106
-70	-0.148806314303418	19.1936366562791
-60	-0.149023201588793	19.1916295386457
-50	-0.150406010569583	19.1884564993168
-40	-0.153193588608836	19.1838786909295
-30	-0.154440961871348	19.1808410873189
-20	-0.15309978220802	19.1803920366342
-10	-0.151986660618721	19.1797149278754
0	-0.150511367379622	19.1793999907664
10	-0.148975242935709	19.1791458848622
20	-0.127651030517448	19.1986798669324
30	-0.0587756196209739	19.2657650474808
40	0.0317136865834549	19.3544641233372
50	0.0866060019851105	19.4075662083908
60	0.118476420731081	19.4376463967887
70	0.136283994931571	19.4536637406411
80	0.14918491974532	19.4647744351068
90	0.158263599832022	19.4720628848454
100	0.161205041481423	19.4732140961467
110	0.162417600118491	19.4726364244357
120	0.162711535859184	19.4711401298283
130	0.161188525489838	19.4678268891109
140	0.160186459388118	19.4650345926611
150	0.161838018234906	19.4648959211598
160	0.162859864358751	19.4641275369356
170	0.162965811342275	19.4624432535711
180	0.163046519966681	19.4607337318474
190	0.16397375652506	19.4598707380577
200	0.166751419754863	19.4608581709394
210	0.16786747449348	19.46018399533
220	0.167713142775021	19.4582394332635
230	0.168162711594118	19.4568987717345
240	0.169103210667924	19.4560490404602
250	0.170236823077584	19.4553924225218
260	0.17180590981495	19.4551712789111
270	0.172867848819898	19.454442987568
280	0.174492236211623	19.4542771446116
290	0.176806373635973	19.4548010516879
300	0.178779311758028	19.4549837594619
310	0.179973734747911	19.4543879521037
320	0.179866457507131	19.4524904445148
330	0.179561980143962	19.4503957368036
340	0.178716155356209	19.4477596816678
350	0.178438787729384	19.4456920836929
360	0.181782464793198	19.4472455304086
370	0.184884014059421	19.4485568493268
380	0.185361627051797	19.4472442319711
390	0.183946157848244	19.4440385324194
400	0.183562227510809	19.4418643717339
410	0.184370132876332	19.4408820467514
420	0.184983239059925	19.4397049225869
430	0.188865064077039	19.441796517256
440	0.193355413778754	19.4444966366096
450	0.197450138102731	19.4468011305855
460	0.200732399071384	19.4482931612061
470	0.201087671790653	19.4468582035773
480	0.201985547786901	19.4459658492254
490	0.202996007934644	19.4451860790251
500	0.206721649545333	19.4471214902877
