500	0.0607681801828486	2.98282192137086
490	0.0610418604812657	2.98291932008782
480	0.0610898917682769	2.98279106979337
470	0.0613344549560528	2.98285935139969
460	0.0615394539893708	2.98288806885154
450	0.0615178345228955	2.98269016780361
440	0.0617315233120452	2.9827275750113
430	0.0618176449082251	2.98263741502602
420	0.0618982179675043	2.98254170650384
410	0.0621758513422868	2.98264305829716
400	0.0623265199148606	2.98261744528827
390	0.0625597207247575	2.98267436451671
380	0.0629803164356253	2.98291867864612
370	0.0631087607573488	2.98287084138638
360	0.0631370590131475	2.98272285806072
350	0.0631529947380596	2.98256251220418
340	0.0634072681535645	2.98264050403822
330	0.0637947023863257	2.98285165668952
320	0.0637278816724369	2.98260855439417
310	0.0637502174782831	2.98245460861856
300	0.0639740401845055	2.98250214974332
290	0.0640114273850947	2.98236325536245
280	0.0641857516765016	2.9823612980724
270	0.0640066590746153	2.98200592388905
260	0.0644638842866976	2.98228686751968
250	0.0650934723046435	2.98274017395616
240	0.0651187379316958	2.98258915800175
230	0.0652821388994989	2.9825762773881
220	0.0654479692702878	2.98256582617743
210	0.065395510028706	2.98233708535438
200	0.0655092753312663	2.98227456907549
190	0.0659096818990483	2.98249869406181
180	0.0659954389391961	2.9824081695205
170	0.0660936822644742	2.98233013126431
160	0.0664621672979586	2.98252233471634
150	0.0667031222978638	2.98258700813478
140	0.0667252815832677	2.98243288583873
130	0.0663849798005338	2.98191630247453
120	0.0666291952215787	2.98198423631412
110	0.0668930485175108	2.98207180802859
100	0.0670121114289608	2.98201458935858
90	0.0673118394871577	2.98213803583532
80	0.0675774651357406	2.98222737990244
70	0.0668322823894845	2.98130591557473
60	0.066268719923146	2.98056607152693
50	0.0662400405027883	2.98036111052511
40	0.0655035467601524	2.97944833520102
30	0.0637178279589201	2.97748633481832
20	0.0619644921639977	2.97555671744194
10	0.0579357616361298	2.97135170533261
0	0.0536359075313384	2.96687556964636
-10	0.0518971738896532	2.96496055442322
-20	0.0493220995764805	2.96220919852858
-30	0.0356138178371923	2.94832463520784
-40	0.00803817415908004	2.92057270994826
-50	-0.0200234592459148	2.89233479496181
-60	-0.0352028714295711	2.87697910119669
-70	-0.0460855968861238	2.86592009415868
-80	-0.0546900040334641	2.85713940542988
-90	-0.0572524440579891	2.8544006838239
-100	-0.0577528861665288	2.8537239601339
-110	-0.0581097442555105	2.85319082046346
-120	-0.0581514596414068	2.8529728234961
-130	-0.0583969092370848	2.85255109231896
-140	-0.0585718480958404	2.85219987187875
-150	-0.0583833884069547	2.85221204998617
-160	-0.05808683021941	2.85233232659226
-170	-0.0586338875738854	2.85160898765632
-180	-0.0590623665513799	2.85100422709737
-190	-0.058267246460777	2.85162306560651
-200	-0.05783582559389	2.85187820489194
-210	-0.057766302182563	2.85177144672181
-220	-0.05802945862701	2.8513320086959
-230	-0.0583604183769988	2.85082476736445
-240	-0.0577936225684126	2.85121528159158
-250	-0.0572435559505386	2.85158906662799
-260	-0.0574513313489886	2.85120500964808
-270	-0.0572050339596397	2.85127502545597
-280	-0.0573229286644836	2.85098084916967
-290	-0.0588686518119483	2.84925884444074
-300	-0.0586017527993281	2.8493494618719
-310	-0.0580021821567556	2.84977275093302
-320	-0.0587583033370644	2.84884034817125
-330	-0.0583407303968682	2.84908163952998
-340	-0.0587400166285921	2.8485060717168
-350	-0.0588810409740002	2.84818876578993
-360	-0.0592046939555932	2.84768883122688
-370	-0.060393733673632	2.84632350992738
-380	-0.0612626609744744	2.84527830104508
-390	-0.060823902804052	2.84554077763404
-400	-0.0589784455315741	2.84720995332506
-410	-0.0571657781514578	2.84884633912372
-420	-0.0570329889173244	2.84880284677639
-430	-0.0584192299633797	2.84724032414887
-440	-0.0600397503725603	2.84544352215823
-450	-0.059847188615576	2.84545980233376
-460	-0.0579975159638173	2.84713319340406
-470	-0.0587477758936452	2.84620665189277
-480	-0.0603130035008888	2.84446514270407
-490	-0.061444104320139	2.84315776030336
-500	-0.0642382063969897	2.84018737664505
-490	-0.0658942015219939	2.83835509993858
-480	-0.0667685586082296	2.83730446127089
-470	-0.0661370974175606	2.8377596408801
-460	-0.0667508285959997	2.8369696281202
-450	-0.0675192432656417	2.83602493186909
-440	-0.0679114960867184	2.83545639746656
-430	-0.0678847750536082	2.83530683691821
-420	-0.0677100459867934	2.83530528440356
-410	-0.0675553278929137	2.83528372091598
-400	-0.0673824615314964	2.83528030569594
-390	-0.0672340114635821	2.8352524741824
-380	-0.0669760665938464	2.83533413747067
-370	-0.066947821750039	2.83518610073302
-360	-0.0670188506077833	2.83493879029382
-350	-0.0667269830596595	2.83505437626048
-340	-0.0667568998195094	2.83484817791917
-330	-0.0666267209593641	2.83480207519786
-320	-0.0665204379702904	2.83473207660547
-310	-0.0664378963827406	2.83463833661156
-300	-0.0663015790722468	2.83459837234059
-290	-0.0661520312020647	2.83457163862932
-280	-0.066018677828978	2.83452871042094
-270	-0.0658730512610766	2.83449805540738
-260	-0.0657590878518848	2.83443573723512
-250	-0.0656054334569847	2.83441311004856
-240	-0.0654300290439962	2.83441223288009
-230	-0.0659491505670666	2.83371682977555
-220	-0.0664141237298779	2.83307557503128
-210	-0.0663980386573577	2.83291537852234
-200	-0.0661840001201042	2.83295313547814
-190	-0.0662652343002397	2.83269561971654
-180	-0.066286002776299	2.83249856965902
-170	-0.0663112311251299	2.83229705972873
-160	-0.0660964221332057	2.8323355871392
-150	-0.0661037363193215	2.83215199137162
-140	-0.0662258840246301	2.83185356208485
-130	-0.0669044132700667	2.83099875125796
-120	-0.0674915239714973	2.83023535897507
-110	-0.0661413022242892	2.83140929914082
-100	-0.0655305602716796	2.83184375951196
-90	-0.0659338792290134	2.83126415897317
-80	-0.0655351688150962	2.83148658780563
-70	-0.0640328514868456	2.83281262355242
-60	-0.0640662900320037	2.8326029034258
-50	-0.0635554762360346	2.83293743564031
-40	-0.062076537835202	2.83424009245968
-30	-0.0614560403680455	2.83468430834538
-20	-0.0607699751659752	2.83519409196599
-10	-0.058194722058484	2.83759306349202
0	-0.0541888176571699	2.84142268631188
10	-0.0493893915465904	2.846045830841
20	-0.0448242053162242	2.8504347354899
30	-0.0295163338500282	2.86556632537464
40	-0.000437382223968719	2.89446899541924
50	0.0249251381229749	2.91965523418472
60	0.040464970900008	2.9350187853803
70	0.0494619684901032	2.94383950138893
80	0.0521363211656327	2.946337572483
90	0.0533667296410183	2.94739169937693
100	0.0548382533135228	2.94868694146797
110	0.0577568044507148	2.9514292110237
120	0.0587130123796875	2.95220913737122
130	0.0580263636346339	2.9513462070447
140	0.0592461670594657	2.95238972888808
150	0.059305151391813	2.95227243163896
160	0.0580776198874267	2.95086861855312
170	0.0587220725460522	2.95133678963028
180	0.0594495830876371	2.95188801859041
190	0.0593345222594928	2.9515966761808
200	0.0588974247769949	2.95098329711685
210	0.0581869773004575	2.95009656805885
220	0.0569951393825425	2.94872844855947
230	0.0568479577754575	2.94840498537093
240	0.0567618523417335	2.94814259835575
250	0.0572591756104663	2.94846364004302
260	0.0571509843630382	2.94817916721413
270	0.0574066341167789	2.94825853538641
280	0.0577923762253421	2.94846799591352
290	0.0576186811937163	2.94811801930043
300	0.0575492667595987	2.94787232328485
310	0.0578686416982945	2.94801541664209
320	0.0577045526653772	2.94767504602771
330	0.0580414840968562	2.94783569587773
340	0.0588517809043423	2.94846971110376
350	0.0587445440507044	2.94818619266866
360	0.0588830456312537	2.94814841266775
370	0.0585032712657974	2.94759235672083
380	0.0582804941220023	2.94719329799558
390	0.0588345153964482	2.94757103768856
400	0.0590689766682959	2.94762921737895
410	0.0598885602649615	2.94827251939416
420	0.0600696512667143	2.94827732881445
430	0.0591055020843032	2.94713689805058
440	0.0594156496484972	2.94727076403331
450	0.0600381202965985	2.94771695309996
460	0.0605621728602217	2.94806472408212
470	0.0604767976942231	2.94780306733466
480	0.060080771211688	2.94723075927067
490	0.060410220050521	2.94738392652804
500	0.0608224069370444	2.9476198318331
