500	0.210294762639673	23.734536122662
490	0.209902759311479	23.7352508612115
480	0.20929094157411	23.7357457853517
470	0.208663083098003	23.7362246687533
460	0.207594098132095	23.736262425665
450	0.206034284219971	23.7358093536306
440	0.204541372043142	23.7354231833314
430	0.20325974057414	23.7352482937401
420	0.202091784307655	23.7351870793512
410	0.201238767667579	23.7354408045888
400	0.200357367837601	23.7356661466365
390	0.199459856706664	23.7358753773832
380	0.198741488431391	23.7362637509856
370	0.197800809452371	23.7364298138842
360	0.196568909171841	23.7363046554814
350	0.194921622342129	23.7357641105293
340	0.193666776466994	23.7356160065318
330	0.191882137094545	23.734938109037
320	0.189546511103984	23.7337092249241
310	0.187740822616842	23.7330102783147
300	0.187055502995218	23.7334317005707
290	0.186996423176421	23.7344793626295
280	0.185546619107175	23.734136300438
270	0.183794104012609	23.7334905272211
260	0.182565242090298	23.7333684071764
250	0.181849554714425	23.7337594616782
240	0.181763246412842	23.7347798952543
230	0.181427532265065	23.7355509229841
220	0.180742588758836	23.7359727213556
210	0.180364499077641	23.736701373552
200	0.179472406962741	23.7369160233148
190	0.178451851752087	23.7370022099818
180	0.177030193576567	23.7366872936839
170	0.175877389221242	23.7366412312063
160	0.175342128632501	23.7372127124952
150	0.174806921109351	23.7377842468497
140	0.174054164463257	23.7381382320812
130	0.175069622804624	23.7402604323003
120	0.175278700654271	23.7415762520276
110	0.172531000432809	23.7399352936838
100	0.169210343203918	23.7377213783325
90	0.167373245503196	23.7369910225095
80	0.168161376874423	23.7388858957584
70	0.166974920133139	23.7388061808947
60	0.165808886165731	23.738746888805
50	0.165628055918361	23.7396728004353
40	0.164284488660435	23.739435975055
30	0.164635980096129	23.7408942083684
20	0.164203121066574	23.7415680912165
10	0.161002096121532	23.7394738081491
0	0.1578652994212	23.7374437533264
-10	0.155830755444224	23.7365159512271
-20	0.138302281913418	23.7200942195739
-30	0.0694865353057281	23.6523852148439
-40	-0.0368413280989905	23.5471640933168
-50	-0.106065193327225	23.4790469699663
-60	-0.145749027650421	23.4404698775207
-70	-0.167573865911073	23.4197517811377
-80	-0.180676225104392	23.4077561638221
-90	-0.186601602140861	23.4029375286633
-100	-0.18860880377208	23.4020370689097
-110	-0.190430924690727	23.4013216898687
-120	-0.191372744140409	23.4014866122967
-130	-0.191969932690466	23.4019961656243
-140	-0.192911464412589	23.4021613757798
-150	-0.194111905412292	23.4020676766578
-160	-0.195268136465671	23.402018187482
-170	-0.196123228678832	23.4022698371465
-180	-0.196918893724195	23.4025809139788
-190	-0.197459681886979	23.4031468676937
-200	-0.198643749775155	23.4030695416832
-210	-0.200448746749046	23.402371286587
-220	-0.202141137538316	23.4017856376753
-230	-0.20436047609854	23.4006730409928
-240	-0.207793691790059	23.3983465671789
-250	-0.210839477355229	23.3964075234914
-260	-0.210793273339899	23.3975604693844
-270	-0.208944122499105	23.4005163621028
-280	-0.209034873537487	23.4015323529421
-290	-0.209865505932672	23.4018084624246
-300	-0.210815268736312	23.4019654414986
-310	-0.211711666746474	23.4021757853661
-320	-0.212676427479227	23.402317766511
-330	-0.213070439553412	23.4030304963145
-340	-0.212244915327133	23.4049627624184
-350	-0.211413289983636	23.4069011296396
-360	-0.21055889258416	23.4088622689167
-370	-0.209309139056078	23.4112187643224
-380	-0.208391963823356	23.4132426814328
-390	-0.207629604067602	23.4151117830662
-400	-0.208105525771234	23.4157426032403
-410	-0.208657543967547	23.4162973269216
-420	-0.207461909529734	23.4185997032371
-430	-0.206694239458262	23.4204741151862
-440	-0.206966364877974	23.4213087316441
-450	-0.205589379185646	23.4237924592141
-460	-0.204143218116705	23.4263453621607
-470	-0.202781222724639	23.4288140994305
-480	-0.199699330847604	23.4330027331851
-490	-0.196736914047094	23.4370718918633
-500	-0.195713801720622	23.4392017460674
-490	-0.196555965623801	23.4394663240419
-480	-0.197307376648737	23.4398216548946
-470	-0.198413285156832	23.4398224882642
-460	-0.199802744454317	23.4395397708444
-450	-0.199745409982317	23.440703847194
-440	-0.20004909023903	23.441506908815
-430	-0.201959246959568	23.4407034939721
-420	-0.203369642697886	23.4403998401114
-410	-0.204154456466132	23.4407217682209
-400	-0.20183225882435	23.4441507077403
-390	-0.199100549615153	23.4479891588271
-380	-0.197401333602485	23.4507951167175
-370	-0.19459123500296	23.4547119571947
-360	-0.193896867772406	23.4565130663029
-350	-0.194592796732639	23.4569238792203
-340	-0.195226381891118	23.4573970359395
-330	-0.194987808404392	23.4587423513038
-320	-0.190939230447714	23.4638976711382
-310	-0.184611286847186	23.4713323566164
-300	-0.181899619906705	23.4751507654345
-290	-0.18184543808858	23.4763116891303
-280	-0.181081748692474	23.4781821204041
-270	-0.176633492450954	23.4837371185232
-260	-0.17448784487981	23.486989507972
-250	-0.17530821337315	23.4872758813564
-240	-0.175678373374222	23.4880124632329
-230	-0.178342731203774	23.486454847281
-220	-0.179512010688303	23.4863923096742
-210	-0.180144362193325	23.4868667000468
-200	-0.180647903976588	23.4874699001412
-190	-0.180235273077376	23.4889892729181
-180	-0.178083133493288	23.4922481543798
-170	-0.176241137607686	23.4951968921431
-160	-0.174099903483043	23.4984448681454
-150	-0.170225622104862	23.5034258914012
-140	-0.171279590407607	23.5034786649761
-130	-0.173928616330528	23.5019363809309
-120	-0.175295675081976	23.5016760640571
-110	-0.1762952906412	23.5017831903755
-100	-0.177359034684521	23.5018261882098
-90	-0.179129704045828	23.5011622607262
-80	-0.175954193519789	23.5054445131299
-70	-0.172505392528823	23.5100000559985
-60	-0.173629667797385	23.5099825226076
-50	-0.174659922851539	23.5100590094311
-40	-0.174376619302045	23.5114490548583
-30	-0.172873166581432	23.5140592494565
-20	-0.172444302719693	23.5155948551959
-10	-0.170154602464009	23.5189912973293
0	-0.169422669816992	23.5208299718539
10	-0.169268566508599	23.52209081704
20	-0.143848537545836	23.5486175878804
30	-0.0521062162515875	23.6414666510523
40	0.0527407010273429	23.7474203102089
50	0.113405233930074	23.8091915849893
60	0.144229572780368	23.8411226657172
70	0.16261293489476	23.8606127697093
80	0.170717146821289	23.8698237235135
90	0.177553179725518	23.8777664982954
100	0.181900018242057	23.8832200786896
110	0.183444317834592	23.8858711201598
120	0.186763533187815	23.8902970773906
130	0.19050879562435	23.8951490817048
140	0.192256532652195	23.8980035606103
150	0.191414344663695	23.8982681144995
160	0.191935164784653	23.8998956764981
170	0.191750837308859	23.9008180909
180	0.190464183508887	23.9006381789777
190	0.189839310414904	23.9011200477613
200	0.189433208530524	23.9018206877546
210	0.188843030077383	23.9023372511791
220	0.187757255184088	23.9023582181635
230	0.18795926154997	23.903666966407
240	0.192247835525354	23.9090622822601
250	0.193805130616287	23.9117263192287
260	0.194402419320514	23.9134303498105
270	0.195274487919516	23.9154091602872
280	0.19464084457368	23.915882258819
290	0.195121427624734	23.9174695837477
300	0.196131174297943	23.9195860722986
310	0.196003902403657	23.920565542282
320	0.196180158565962	23.9218485403219
330	0.199971656238823	23.9267467798725
340	0.201152095703915	23.9290339612152
350	0.200486127833621	23.9294747352226
360	0.202654425092415	23.932749774359
370	0.204913141931854	23.9361152330761
380	0.206558478036666	23.9388673110586
390	0.206109056879765	23.9395246317793
400	0.205594701333627	23.9401170181109
410	0.207457983542128	23.943087042197
420	0.209228559019945	23.9459643595525
430	0.209982603130765	23.947825145541
440	0.210612065019607	23.9495613493075
450	0.210887346008029	23.9509433721735
460	0.210693027225616	23.9518557952688
470	0.211983291514738	23.9542528014356
480	0.213918873688051	23.9572951254865
490	0.213280120116341	23.9577631137925
500	0.212250146619787	23.9578398821736
