500	0.475449748458278	19.7720018643549
490	0.47580173516593	19.772530137971
480	0.475519836562533	19.7724245262761
470	0.47453500606856	19.7716159826906
460	0.473862302461512	19.771119565992
450	0.473718962137625	19.7711525125766
440	0.473413139113312	19.7710229764608
430	0.473052705785154	19.7708388300411
420	0.472707768151079	19.7706701793155
410	0.472494861108594	19.7706335591815
400	0.472328847906944	19.7706438328883
390	0.471772659515569	19.7702639314054
380	0.471473733073402	19.7701412918717
370	0.470820251850277	19.7696640975571
360	0.470244310994957	19.7692644436102
350	0.470250554768981	19.7694469742927
340	0.470252187233253	19.7696248936654
330	0.470265260836072	19.7698142541767
320	0.470515514355032	19.7702407946042
310	0.470589454547738	19.7704910217053
300	0.470417636508365	19.7704954905744
290	0.469988642917848	19.7702427838924
280	0.469830247413277	19.7702606752963
270	0.469651229492559	19.7702579442841
260	0.469438469703952	19.7702214714039
250	0.46931077292998	19.7702700615384
240	0.468894116016685	19.7700296915336
230	0.468345533260692	19.7696573956861
220	0.467057174088378	19.7685453234222
210	0.464402977810046	19.7660674140524
200	0.461373204030846	19.7632139271816
190	0.45789715174838	19.7599141618076
180	0.45394673597664	19.7561400329444
170	0.451824941376682	19.7541945252529
160	0.450170444641433	19.7527163154261
150	0.449186452498914	19.7519086101921
140	0.448119689373343	19.751018133975
130	0.442082995677126	19.7451577271872
120	0.434528931308325	19.7377799497269
110	0.430733013542678	19.7341603188697
100	0.427199077603927	19.7308026698394
90	0.420328326023192	19.7241082051672
80	0.411115723652749	19.7150718897052
70	0.397467102301214	19.7015995552621
60	0.380314276160636	19.68462301603
50	0.359653355139429	19.6641383819173
40	0.334373495885096	19.6390348095714
30	0.305812209545213	19.61064981014
20	0.273486540068443	19.5785004275717
10	0.237704577044468	19.5428947514562
0	0.199229272549303	19.5045957338695
-10	0.157774995615007	19.4633177438437
-20	0.116674308957634	19.4223933440948
-30	0.0706581950748024	19.3765535171204
-40	0.0115042492858208	19.3175758582399
-50	-0.0843136244361133	19.2219342714265
-60	-0.189622802667596	19.1168013801035
-70	-0.269613613467055	19.0369868562125
-80	-0.323590975933691	18.9831857806543
-90	-0.359653889497213	18.9472991539993
-100	-0.384838617480369	18.9222907129246
-110	-0.403169942147102	18.9041356751663
-120	-0.41739085655405	18.8900910476678
-130	-0.427430473017477	18.8802277181129
-140	-0.434674009669084	18.8731604683697
-150	-0.44120912099795	18.8668016439494
-160	-0.444663059170285	18.8635239926855
-170	-0.446756928640237	18.861606410124
-180	-0.451466329372959	18.8570732962998
-190	-0.455419088811702	18.8532968237695
-200	-0.45819465332292	18.8506975461667
-210	-0.462097698573071	18.8469707878251
-220	-0.463901710850482	18.8453430624561
-230	-0.464364709147482	18.8450563510676
-240	-0.465125053730205	18.8444722933933
-250	-0.465363281848003	18.844410352184
-260	-0.466011953899265	18.8439379670412
-270	-0.466274332209839	18.8438518756391
-280	-0.466537220331261	18.8437652744262
-290	-0.466872524599999	18.8436062570659
-300	-0.467127488703415	18.843527579871
-310	-0.467490048941862	18.843341306541
-320	-0.468504593661546	18.8425030487298
-330	-0.469589094909896	18.8415948343899
-340	-0.470187378194485	18.8411728380138
-350	-0.469699305543326	18.8418371975734
-360	-0.469525519500436	18.8421872705248
-370	-0.469415639954232	18.8424734369794
-380	-0.469713821158756	18.8423515426834
-390	-0.470158179085423	18.8420834716652
-400	-0.470212834859719	18.8422051027994
-410	-0.470269638356609	18.842324586211
-420	-0.470082195548606	18.8426883159274
-430	-0.470715753607358	18.8422310447771
-440	-0.471100528954445	18.8420225563385
-450	-0.470714788799068	18.8425845834024
-460	-0.470689849338154	18.8427858097718
-470	-0.471375984673351	18.842275961345
-480	-0.471540973039129	18.8422872598877
-490	-0.471092206514122	18.8429123133212
-500	-0.470638830535055	18.8435419762088
-490	-0.470988436422164	18.8433686572301
-480	-0.471272513935816	18.8432608666249
-470	-0.471580948427256	18.843128719042
-460	-0.471727541748425	18.8431584126293
-450	-0.471852498398714	18.8432097428874
-440	-0.472119575762182	18.8431189524325
-430	-0.472353907184868	18.8430609079182
-420	-0.472287409358419	18.8433036926532
-410	-0.472245156141639	18.8435222327784
-400	-0.472451408668743	18.8434922671598
-390	-0.472454724972962	18.843665237764
-380	-0.472465218865675	18.8438310307798
-370	-0.472514092947925	18.843958443606
-360	-0.472391080626981	18.8442577428354
-350	-0.472503433854708	18.8443216765162
-340	-0.472746545136857	18.8442548521425
-330	-0.472729528098704	18.8444481560891
-320	-0.472733452695952	18.8446205184003
-310	-0.472790979752698	18.8447392782521
-300	-0.472393508550788	18.8453130363625
-290	-0.472614258721517	18.8452685731002
-280	-0.473078296069627	18.8449808226606
-270	-0.473087905952795	18.8451474996859
-260	-0.472897877896806	18.8455138146503
-250	-0.472996126181418	18.8455918532742
-240	-0.472835011955901	18.8459292544082
-230	-0.472488908811517	18.846451644461
-220	-0.471733654434605	18.8473831857464
-210	-0.470193542886388	18.8490995842031
-200	-0.469436671991925	18.850032742006
-190	-0.467517955288169	18.8521277456183
-180	-0.463843095472015	18.8559788923429
-170	-0.462553228964307	18.8574450457591
-160	-0.46126636074689	18.858908200885
-150	-0.460177013894011	18.8601738346463
-140	-0.45911706599783	18.861410069451
-130	-0.458378459934242	18.862324962423
-120	-0.457729467168001	18.8631502420977
-110	-0.453572258090066	18.8674837380841
-100	-0.445817614142435	18.8754146689402
-90	-0.43951634378282	18.8818922262083
-80	-0.431118233947501	18.8904666229521
-70	-0.419642331866765	18.9021188119413
-60	-0.405860331466624	18.9160770992499
-50	-0.386732725217058	18.935380992408
-40	-0.364314426732228	18.9579755778013
-30	-0.334769345360318	18.9876969460817
-20	-0.298266580174307	19.0243759981761
-10	-0.25905464965988	19.063764215599
0	-0.216783014187918	19.1062121379795
10	-0.171311319484978	19.1518601195909
20	-0.122291846640675	19.2010558793437
30	-0.0676311323521723	19.2558928805406
40	0.0112326652538215	19.3349329650551
50	0.11051503379252	19.4343916205023
60	0.195977700379007	19.5200305739972
70	0.26015496020505	19.5843841207317
80	0.305006617258485	19.6294120646936
90	0.336792756648929	19.6613744909926
100	0.363189760014464	19.6879477812666
110	0.383242006381487	19.7081763145421
120	0.398968719645829	19.7240793147149
130	0.411603478564334	19.7368903605418
140	0.421929685944789	19.7473928548308
150	0.43034251781333	19.7559819736078
160	0.438157240749643	19.7639729834526
170	0.443825459123044	19.7698174887344
180	0.446758613653717	19.7729269301736
190	0.450562864783318	19.7769074682117
200	0.455748851923957	19.7822697422608
210	0.460097613256991	19.7867947905023
220	0.461287686257819	19.7881611504116
230	0.461549672640309	19.7885994237025
240	0.46167137215992	19.7888974101306
250	0.461856269726926	19.7892585946061
260	0.461839680621313	19.789418292409
270	0.462244385902576	19.7899992845987
280	0.463660787239693	19.7915919728443
290	0.465568459030379	19.7936759315434
300	0.468122352577478	19.796406111999
310	0.471382327300777	19.7998423736308
320	0.472585824994368	19.8012221582328
330	0.473569354785443	19.8023819749324
340	0.474186888504811	19.8031757955602
350	0.474033331824039	19.8031985257879
360	0.474837509560583	19.8041789904329
370	0.475652669822438	19.8051704376033
380	0.476034121286748	19.8057281759761
390	0.476618055902211	19.8064883975
400	0.476968220949502	19.8070148494558
410	0.476675139613356	19.8068980550281
420	0.476720081837524	19.8071192841607
430	0.476779656489789	19.8073551457215
440	0.476695730708631	19.8074475068488
450	0.476509357183705	19.8074374202323
460	0.476247652739207	19.8073520026963
470	0.476304198543996	19.8075848354095
480	0.476353192038385	19.8078101158124
490	0.476181587675857	19.8078147983584
500	0.475823122648745	19.8076326202397
