200	0.244734456159144	20.270613675465
197.5	0.244645725212241	20.2706152551417
195	0.244594091553903	20.2706539321069
192.5	0.244037848860732	20.2701880000373
190	0.243551619135328	20.2697920809355
187.5	0.243316502136427	20.2696472745601
185	0.24357437301024	20.2699954560575
182.5	0.243260585380391	20.2697719790512
180	0.242911640954389	20.2695133452488
177.5	0.24251998979555	20.2692120047135
175	0.242557451153328	20.2693397766949
172.5	0.243034612838397	20.2699072490035
170	0.243269222694352	20.270232169483
167.5	0.243145990351366	20.2701992477636
165	0.243097008929741	20.2702405769655
162.5	0.243146574881049	20.2703804535404
160	0.243260310522171	20.2705844998051
157.5	0.243231136812728	20.2706456367192
155	0.243042525158959	20.270547335689
152.5	0.243106071594518	20.2707011927481
150	0.243133232433738	20.2708186642109
147.5	0.243422643012149	20.2711983854129
145	0.243592948303174	20.2714590013275
142.5	0.242885761666393	20.2708421253143
140	0.242660640463377	20.2707073147348
137.5	0.242586561386673	20.2707235462817
135	0.242600019658653	20.2708273151772
132.5	0.242566771065096	20.2708843772072
130	0.242511639669889	20.2709195564356
127.5	0.242422324623821	20.2709205520131
125	0.242110192610674	20.2706987306235
122.5	0.24194431801271	20.2706231666491
120	0.241696745250344	20.2704659045103
117.5	0.24161221108162	20.2704716809652
115	0.241667023364279	20.2706168038714
112.5	0.241554973864808	20.2705950649955
110	0.241241814945678	20.2703722166999
107.5	0.241140881511946	20.2703615938897
105	0.241233811936144	20.2705448349375
102.5	0.241327470775801	20.2707288044007
100	0.241265450625558	20.270757094874
97.5	0.240717100755219	20.2702990556273
95	0.240563737074638	20.2702360025703
92.5	0.240563714877585	20.2703262909968
90	0.240480015150418	20.2703329018932
87.5	0.240576335042757	20.2705195324091
85	0.240274338308925	20.2703078462988
82.5	0.239967760617386	20.2700915792308
80	0.239814496739584	20.2700286259766
77.5	0.239376462500903	20.2696809023615
75	0.237968131791021	20.2683628822752
72.5	0.236666965022327	20.26715202613
70	0.236133678893918	20.2667090506252
67.5	0.23659043954272	20.2672561218976
65	0.236971992906611	20.267727985885
62.5	0.236057808893225	20.2669041124952
60	0.236290874807906	20.2672274890334
57.5	0.234428526620093	20.2654554514692
55	0.233803121433514	20.2649203569062
52.5	0.231841158069937	20.2630487041662
50	0.23247174712569	20.2637696038455
47.5	0.231404001637252	20.2627921689806
45	0.230105606397139	20.2615840843641
42.5	0.229296669047955	20.2608654576384
40	0.229421760998338	20.2610808602124
37.5	0.230478762350657	20.2622281721883
35	0.228130470803084	20.2599701912643
32.5	0.226988671348625	20.2589187024334
30	0.226074134126574	20.2580944758349
27.5	0.223728566708704	20.2558392190406
25	0.224997913437083	20.2571988763925
22.5	0.226070884539865	20.2583621581189
20	0.224684878568603	20.2570664627712
17.5	0.222584717135845	20.255056611962
15	0.222263260628345	20.254825466078
12.5	0.224290201879782	20.256942717953
10	0.22518645268822	20.257929279385
7.5	0.222523002516763	20.2553561398372
5	0.221565341963416	20.2544887899074
2.5	0.222247611174094	20.2552613697416
0	0.222245413168142	20.2553494823592
-2.5	0.221576707771806	20.2547710875865
-5	0.222831821428514	20.2561165118667
-7.5	0.225826020351914	20.2592010214137
-10	0.225767722784802	20.2592330344702
-12.5	0.225114367928921	20.2586699902378
-15	0.225492112232288	20.2591380451648
-17.5	0.224502519194314	20.2582387627504
-20	0.223334317856029	20.2571608720356
-22.5	0.214351097337378	20.2482679621406
-25	0.155949691070372	20.1899568664971
-27.5	0.0649307962471859	20.0990282822975
-30	-0.0273529658297917	20.0068348308441
-32.5	-0.0922762671403632	19.9420018401571
-35	-0.142992697726243	19.8913757201948
-37.5	-0.176117035730599	19.858341692814
-40	-0.195989344037152	19.838559695131
-42.5	-0.212429841881427	19.8222095079103
-45	-0.224461008678539	19.8102686517367
-47.5	-0.227955971704922	19.8068639993339
-50	-0.232742174672897	19.8021681069895
-52.5	-0.238639568709146	19.7963610235768
-55	-0.242734537011604	19.7923563658979
-57.5	-0.244918523663024	19.7902626898701
-60	-0.245490594755026	19.7897809294016
-62.5	-0.24597407887871	19.7893877559015
-65	-0.246327070035221	19.7891250753686
-67.5	-0.246383355489989	19.7891591005374
-70	-0.24647581309171	19.7891569535592
-72.5	-0.246745879144633	19.7889771981298
-75	-0.24659053765923	19.7892228502388
-77.5	-0.246836593122072	19.7890671053995
-80	-0.247170465647564	19.7888235434976
-82.5	-0.247213883626735	19.788870436142
-85	-0.246806644416012	19.7893679859763
-87.5	-0.246785727868303	19.7894792131476
-90	-0.247079635098594	19.7892756165408
-92.5	-0.24684237367785	19.7896031885851
-95	-0.246855633421614	19.7896802394649
-97.5	-0.247345361146326	19.7892808223638
-100	-0.246981259647502	19.7897352344862
-102.5	-0.247360819885063	19.7894459848722
-105	-0.24743185816148	19.7894652572193
-107.5	-0.246901134555539	19.7900862914489
-110	-0.246684524001942	19.790393212626
-112.5	-0.24621544971593	19.7909525975356
-115	-0.246702615478945	19.7905557423961
-117.5	-0.24733940670944	19.7900092617892
-120	-0.246642743137592	19.7907962359846
-122.5	-0.246823670039468	19.7907056197063
-125	-0.246269187044138	19.7913504133252
-127.5	-0.244922674564194	19.7927872364287
-130	-0.245857534191419	19.7919426874251
-132.5	-0.246033202133496	19.7918573301065
-135	-0.246034749582993	19.7919460932806
-137.5	-0.247048228307374	19.7910229251798
-140	-0.245794839919462	19.7923666241913
-142.5	-0.244639300585042	19.7936124741493
-145	-0.242806746935141	19.7955353384227
-147.5	-0.240311220972444	19.798121175009
-150	-0.237869533293413	19.8006531733116
-152.5	-0.236849514444675	19.8017635027839
-155	-0.239289236190629	19.7994140916615
-157.5	-0.241238882989617	19.7975547554861
-160	-0.244462074906476	19.7944218741928
-162.5	-0.242737319679829	19.796236940043
-165	-0.244918993050685	19.7941455772957
-167.5	-0.248267667098784	19.7908872138712
-170	-0.248320062963874	19.7909251286296
-172.5	-0.244878749912406	19.7944567523047
-175	-0.242180053448035	19.7972457593926
-177.5	-0.243704001957482	19.7958121215067
-180	-0.244389158821374	19.7952172752664
-182.5	-0.243352812553884	19.7963439321575
-185	-0.242903597508931	19.796883457826
-187.5	-0.243811220154385	19.7960661458041
-190	-0.244053830271834	19.7959138463102
-192.5	-0.241229816515748	19.7988281706899
-195	-0.237752155704296	19.8023961421249
-197.5	-0.237134853124509	19.8031037553282
-200	-0.238021366286144	19.8023075527902
-197.5	-0.241069872840178	19.7993493568597
-195	-0.241846041678588	19.7986634986448
-192.5	-0.24141398719668	19.7991858637503
-190	-0.239727994649229	19.8009621669213
-187.5	-0.239177700320361	19.8016027718738
-185	-0.237833290985222	19.8030374918325
-182.5	-0.236556114247797	19.8044049791935
-180	-0.23621789432983	19.804833509735
-177.5	-0.23621989637649	19.8049218183119
-175	-0.239308066331233	19.8019239589807
-172.5	-0.242348356343275	19.7989739795922
-170	-0.244862580198049	19.796550066361
-167.5	-0.246150875848514	19.7953520813341
-165	-0.247464453214437	19.7941288145918
-162.5	-0.247984538424145	19.7936990400056
-160	-0.24611899930278	19.7956548897506
-157.5	-0.243659350641071	19.7982048490358
-155	-0.24621942899325	19.7957350813072
-152.5	-0.249049596652789	19.7929952242712
-150	-0.249498684432954	19.7926364471146
-147.5	-0.248749728063817	19.7934757141073
-145	-0.249350737638775	19.792965015156
-142.5	-0.250219492899749	19.7921865705185
-140	-0.250146632619895	19.792349741422
-137.5	-0.248603089192784	19.7939835954726
-135	-0.243405407020202	19.7992715882688
-132.5	-0.240019873127512	19.802747432785
-130	-0.241227748604441	19.8016298679317
-127.5	-0.243311553957568	19.7996363732021
-125	-0.242678537251965	19.8003597005313
-122.5	-0.241508495119085	19.8016200532877
-120	-0.238962574299109	19.8042562847313
-117.5	-0.237738389228664	19.8055707804253
-115	-0.237541527934745	19.8058579523428
-112.5	-0.237921089834146	19.8055687010669
-110	-0.239170397031224	19.8044097044934
-107.5	-0.240771988638915	19.8028984235093
-105	-0.241394836273862	19.8023658864979
-102.5	-0.239229500206712	19.8046215331886
-100	-0.238277587884451	19.8056637561345
-97.5	-0.238531460379345	19.8055001942631
-95	-0.240087460111376	19.8040345051547
-92.5	-0.242426850741971	19.8017854251476
-90	-0.246113331254531	19.7981892552586
-87.5	-0.249245611411908	19.7951472857248
-85	-0.24796077034631	19.796522437414
-82.5	-0.242904409322993	19.8016691090609
-80	-0.241813339436924	19.8028504895705
-77.5	-0.241842585090005	19.802911554541
-75	-0.240303256021985	19.8045411942326
-72.5	-0.239790003938719	19.8051447569394
-70	-0.240965403099782	19.8040596684019
-67.5	-0.240411511612834	19.8047038705124
-65	-0.239542255436454	19.8056634373124
-62.5	-0.239979867700303	19.8053161356721
-60	-0.240406171808019	19.8049801421879
-57.5	-0.24027694281142	19.8051996818081
-55	-0.241011762683993	19.8045551725591
-52.5	-0.240355198191242	19.8053020476754
-50	-0.240342708968146	19.8054048475221
-47.5	-0.240635984388106	19.8052018827257
-45	-0.240847743967667	19.8050804337697
-42.5	-0.241995079783717	19.8040234085772
-40	-0.241624548990647	19.8044842499938
-37.5	-0.240338106848203	19.8058610027598
-35	-0.239686203004872	19.8066032172267
-32.5	-0.239562322860692	19.8068174079945
-30	-0.239245245721836	19.8072247957569
-27.5	-0.23878905063016	19.8077713014721
-25	-0.238768317211651	19.8078823455142
-22.5	-0.239180246775764	19.8075607265737
-20	-0.239247302596755	19.8075839813762
-17.5	-0.239787954118729	19.8071336404778
-15	-0.239381949354858	19.8076299558653
-12.5	-0.238022310575388	19.8090799052683
-10	-0.237323976480717	19.8098685499865
-7.5	-0.238111039527624	19.8091717975632
-5	-0.237254521617288	19.8101186260971
-2.5	-0.235435250096376	19.8120282082416
0	-0.235851018094746	19.8117027508668
2.5	-0.235161576917491	19.8124825026676
5	-0.233835636563541	19.8138987536451
7.5	-0.234620588664473	19.8132041121677
10	-0.234710088272859	19.8132049231829
12.5	-0.235481021040851	19.8125243010385
15	-0.236558688409488	19.8115369442934
17.5	-0.239085659776762	19.8091002835497
20	-0.200355823306619	19.8479204306434
22.5	-0.117298074395265	19.9310684901783
25	-0.0220753008695844	20.0263815743276
27.5	0.0556141728024713	20.1041613586232
30	0.105901814033093	20.1545393104774
32.5	0.14202560806747	20.1907534151353
35	0.170566718362025	20.2193848360534
37.5	0.187886458956804	20.2367948872718
40	0.199105996319155	20.2481047352577
42.5	0.208487024388155	20.2575760739503
45	0.217392505725478	20.2665718659112
47.5	0.221395707565247	20.2706653783745
50	0.222802869126582	20.2721628505594
52.5	0.225267383631117	20.2747176756875
55	0.228624679433505	20.2781652821134
57.5	0.232110328086922	20.2817412413904
60	0.233486688187075	20.2832079121141
62.5	0.23265987441599	20.2824714089666
65	0.231558633309703	20.2814604784839
67.5	0.233553873531431	20.2835460293292
70	0.233063184843889	20.2831456512652
72.5	0.234147091750177	20.2843198687951
75	0.232945216575587	20.283208304244
77.5	0.232930527238871	20.2832839255309
80	0.234396136043507	20.2848398449591
82.5	0.235573747362565	20.2861077669017
85	0.236657857111979	20.2872821872747
87.5	0.237294931869723	20.288009572656
90	0.237791008048855	20.2885959594587
92.5	0.237890881658743	20.2887861436922
95	0.238398441636708	20.2893840142937
97.5	0.238584416059407	20.28966029934
100	0.238352684197736	20.2895188781018
102.5	0.237992162520104	20.2892486670478
105	0.238189554676211	20.2895363698275
107.5	0.239409276953527	20.2908464027283
110	0.239504552222964	20.2910319886213
112.5	0.238916500329381	20.2905342473513
115	0.240599587564724	20.2923076452102
117.5	0.242850559949101	20.2946489282182
120	0.243749066917641	20.2956377458103
122.5	0.245135667696893	20.2971146572131
125	0.24490077817779	20.2969700783175
127.5	0.242935682941788	20.2950952937051
130	0.243178658082922	20.2954285794698
132.5	0.24066007345867	20.2930003054691
135	0.239354602544054	20.2917851451781
137.5	0.239272806343266	20.2917936596009
140	0.237219126437271	20.2898302903184
142.5	0.237041176396556	20.2897426509013
145	0.237332894093779	20.2901246792221
147.5	0.23700176387721	20.2898838596291
150	0.236606541327689	20.2895789477031
152.5	0.236986825672027	20.290049542671
155	0.238206933863395	20.2913599614859
157.5	0.239609345625436	20.2928526838715
160	0.240621038449984	20.2939546873197
162.5	0.243656862587592	20.2970808220808
165	0.244506492943572	20.2980207630604
167.5	0.24407738245058	20.2976819631909
170	0.24190218164097	20.2955970730049
172.5	0.240406770305587	20.2941919722931
175	0.243825632137792	20.2977011447489
177.5	0.245564036555457	20.2995298597901
180	0.243783698849153	20.2978398327073
182.5	0.241255072935857	20.2954015174176
185	0.239689223415287	20.2939259785206
187.5	0.243119304202761	20.2974463699316
190	0.246021511143539	20.300438887496
192.5	0.244162142315012	20.298669829291
195	0.242180316018139	20.2967783136177
197.5	0.244991692395864	20.299680000619
200	0.247615060123369	20.3023936789701
