400	0.326615315901986	20.2854186708813
395	0.32688258569171	20.2858125338424
390	0.326377592814719	20.2854341341368
385	0.326993731308768	20.2861768658023
380	0.329019713509165	20.2883294411741
375	0.329231640765677	20.288667961602
370	0.329649091980134	20.2892120059879
365	0.329416124865457	20.2891056320446
360	0.329029713236729	20.2888458135873
355	0.32896452564777	20.2889072191697
350	0.328927106522382	20.2889963932157
345	0.328927071030026	20.2891229508948
340	0.329011680925657	20.2893341539618
335	0.328604833724391	20.289053899932
330	0.328530812049113	20.2891064714281
325	0.328484413653456	20.2891866662039
320	0.32837860431378	20.2892074500356
315	0.328468915825507	20.2894243547187
310	0.328106368626688	20.2891884006913
305	0.327791456523421	20.2890000817595
300	0.328041194658212	20.2893764130657
295	0.328186870877406	20.2896486824563
290	0.328150793017258	20.2897391977675
285	0.328145797048595	20.2898607949703
280	0.328926074686215	20.2907676657793
275	0.329731031361153	20.2916992156256
270	0.329915733033573	20.2920105104695
265	0.331925991113799	20.2941473617211
260	0.335034350425961	20.2973823142047
255	0.333855317254507	20.2963298742046
250	0.333237350540546	20.2958385006621
245	0.338003971108044	20.300731714401
240	0.337671308236075	20.3005256447004
235	0.336910023244602	20.2998909528804
230	0.338982039788402	20.3020895625956
225	0.337854231736447	20.301088347715
220	0.338052151319232	20.3014128604692
215	0.338682716433944	20.3021700187553
210	0.339020694811296	20.3026345903041
205	0.341179945494314	20.3049204341585
200	0.341135417928058	20.3050024997637
195	0.340773316706755	20.3047669917138
190	0.340974869348916	20.3050951375273
185	0.341011378867094	20.3052582402169
180	0.341426718994022	20.3058001735153
175	0.342128286687043	20.3066283343797
170	0.341904589927616	20.3065312307917
165	0.34244654715846	20.3071997811939
160	0.342449912846249	20.3073297400531
155	0.342463382863986	20.3074698032423
150	0.342518009597452	20.3076510231471
145	0.342462838318333	20.3077224450394
140	0.342277864437158	20.3076640643297
135	0.342122291369513	20.3076350844334
130	0.342252426688976	20.3078918129243
125	0.342051999697222	20.3078179791039
120	0.342066235883983	20.3079588084621
115	0.34200648576596	20.3080256515155
110	0.341570927555544	20.3077166864765
105	0.34140044026374	20.3076727923561
100	0.34149213935471	20.3078910846185
95	0.342153744748781	20.308679283184
90	0.341535353843664	20.3081874854502
85	0.341282443407529	20.3080611681855
80	0.341154478814111	20.3080597967635
75	0.340833354201852	20.3078652653227
70	0.340570887954787	20.307729392247
65	0.339973352929889	20.3072584503935
60	0.337527821623951	20.304939512259
55	0.334280439694862	20.3018187235013
50	0.332199274649611	20.2998641516275
45	0.328758313221137	20.2965497833704
40	0.323595893671264	20.2915139569919
35	0.321217062670559	20.2892617191626
30	0.319951988109604	20.2881232377731
25	0.315882798963369	20.2841806417983
20	0.308586238774001	20.2770106747803
15	0.303345747641433	20.2718967768191
10	0.301170373310452	20.2698479956596
5	0.294531991626986	20.2633362071475
0	0.286877433466024	20.255808242158
-5	0.281404305771801	20.2504617076351
-10	0.273597159726027	20.2427811547608
-15	0.264306707154223	20.2336172953604
-20	0.25433917628769	20.2237763576653
-25	0.243606221793407	20.2131699963424
-30	0.197527758452946	20.1672181261733
-35	0.107031839491459	20.0768488003832
-40	-0.00910708647579739	19.9608364675874
-45	-0.0936351156460375	19.8764350315886
-50	-0.155701552217625	19.8144951881884
-55	-0.201001242998284	19.7693220905791
-60	-0.232486773501687	19.7379631532471
-65	-0.253462306032105	19.7171142138881
-70	-0.269741647172307	19.7009614659193
-75	-0.282976190293933	19.6878535159691
-80	-0.291780809503045	19.6791754899314
-85	-0.297489857661841	19.673593034944
-90	-0.305407234680523	19.6658022510968
-95	-0.310337511722057	19.6609985672266
-100	-0.312259200585178	19.6592034715349
-105	-0.313326607505125	19.6582626577864
-110	-0.315544260218847	19.6561715982441
-115	-0.318620627570109	19.6532218240642
-120	-0.321794220177686	19.650174824628
-125	-0.325171604461968	19.6469240335152
-130	-0.327424405894398	19.6447978252541
-135	-0.329213425914507	19.6431353984054
-140	-0.330698236187622	19.6417771813037
-145	-0.331438953590954	19.6411630570718
-150	-0.332007252703626	19.6407213511305
-155	-0.332159955192882	19.6406952418127
-160	-0.332332421606637	19.6406493685704
-165	-0.332896693704885	19.6402116896435
-170	-0.332863578047572	19.6403713984722
-175	-0.332810359485119	19.6405512102061
-180	-0.332964890096562	19.6405232727661
-185	-0.333862124174271	19.6397526318598
-190	-0.334083562415135	19.6396577867903
-195	-0.333663466295267	19.6402044760816
-200	-0.334664234617581	19.6393303009307
-205	-0.33527903505659	19.6388420936631
-210	-0.336452520097026	19.637795201794
-215	-0.336856903738852	19.6375174113236
-220	-0.338773700554011	19.6357272076799
-225	-0.339542188031523	19.6350853133738
-230	-0.337563049080849	19.6371910454959
-235	-0.338455135609603	19.6364255521385
-240	-0.338616328856627	19.6363909520629
-245	-0.338382693779813	19.6367511803111
-250	-0.341021855207412	19.6342386120549
-255	-0.343605946680125	19.6317811137536
-260	-0.342240244866915	19.6332734087382
-265	-0.343833106021552	19.631807140755
-270	-0.3464565032683	19.6293103366797
-275	-0.347646867193003	19.6282465659264
-280	-0.348181264665651	19.6278387616251
-285	-0.34702297344862	19.6291236460136
-290	-0.344976710161472	19.6312965024721
-295	-0.34608974116669	19.6303100646383
-300	-0.347775355241613	19.6287510437348
-305	-0.345909979904956	19.6307430122429
-310	-0.344048968884383	19.6327306164348
-315	-0.345953302052063	19.6309528764386
-320	-0.348123344394025	19.628909427268
-325	-0.347666229907354	19.6294931349261
-330	-0.348765805643854	19.628520152361
-335	-0.350197263276552	19.6272152878997
-340	-0.350591666337589	19.6269474780101
-345	-0.350115452106337	19.6275502854128
-350	-0.349832864745888	19.6279594659446
-355	-0.350358092544656	19.6275608313173
-360	-0.350188235341655	19.6278572816917
-365	-0.348048988799086	19.6301231214056
-370	-0.347307833421588	19.6309908699545
-375	-0.348133791098476	19.6302915054491
-380	-0.348094924131455	19.6304569655875
-385	-0.348522147708355	19.630156335182
-390	-0.350259896865108	19.6285451791967
-395	-0.350024526121526	19.6289071431116
-400	-0.347937988742029	19.6311202736625
-395	-0.348443587610102	19.6307412679659
-390	-0.346846708456333	19.6324647402911
-385	-0.347073893632299	19.6323641482865
-380	-0.348175437480403	19.6313891976098
-375	-0.34763185690225	19.6320593713594
-370	-0.346430009062484	19.6333878123705
-365	-0.343871794253516	19.6360726203509
-360	-0.342863691637554	19.6372073161383
-355	-0.34467853125188	19.6355190696954
-350	-0.343497205066178	19.6368269890525
-345	-0.342387766150591	19.6380630211395
-340	-0.342437022643324	19.6381403578182
-335	-0.342123133502025	19.6385808401309
-330	-0.342040411704168	19.6387901551001
-325	-0.341970200747969	19.6389869592277
-320	-0.342017483372235	19.6390662697749
-315	-0.341552210992916	19.6396581353256
-310	-0.34158168003577	19.6397552594542
-305	-0.342647374630257	19.6388161580311
-300	-0.343819412503237	19.6377707133295
-295	-0.343789687719507	19.6379270312846
-290	-0.34334277785506	19.6385005343205
-285	-0.344550008056739	19.6374198972902
-280	-0.344748945472887	19.6373475530455
-275	-0.343270255598799	19.638952836091
-270	-0.343151538818731	19.6391981460425
-265	-0.343282466474552	19.639193811558
-260	-0.342866650457964	19.639736220746
-255	-0.342548429317798	19.6401810350576
-250	-0.342382365438826	19.640473692108
-245	-0.342507810574947	19.6404748401433
-240	-0.342565722623387	19.6405435212662
-235	-0.342605777330828	19.6406300597302
-230	-0.342702143850023	19.6406602863824
-225	-0.342845588733045	19.6406434346708
-220	-0.342620582398361	19.6409950341769
-215	-0.342859845702435	19.6408823640442
-210	-0.343198716056811	19.6406700868613
-205	-0.343236923556901	19.6407584725326
-200	-0.34329493730089	19.64082705196
-195	-0.343400444631687	19.6408481378006
-190	-0.343285243185814	19.6410899324179
-185	-0.341778644577399	19.6427231241977
-180	-0.341248836506683	19.6433795254399
-175	-0.34008234451094	19.644672610607
-170	-0.338319408361563	19.6465621399278
-165	-0.338094410821764	19.646913730639
-160	-0.340372325442875	19.6447624091893
-155	-0.340672721186593	19.644588606617
-150	-0.339648949524399	19.6457389714506
-145	-0.338736908592377	19.646777605554
-140	-0.339986066604705	19.6456550407131
-135	-0.33930682221931	19.6464608782699
-130	-0.33658638115865	19.649307912502
-125	-0.334306731321949	19.6517141555101
-120	-0.331823780036576	19.6543236999669
-115	-0.330826085597035	19.6554479875778
-110	-0.330366773020287	19.656033893326
-105	-0.328960490412491	19.6575667691052
-100	-0.328335469019706	19.6583183836694
-95	-0.328601505002236	19.6581789408582
-90	-0.32845319118594	19.6584538478459
-85	-0.328020472624207	19.6590131595791
-80	-0.327869764795818	19.6592904605789
-75	-0.32776619886031	19.6595206196858
-70	-0.326333617704321	19.6610797940132
-65	-0.322905658325677	19.6646343465632
-60	-0.320682593305175	19.6669840047552
-55	-0.317724702456285	19.6700684887755
-50	-0.312796572838494	19.6751232115647
-45	-0.310845050358328	19.6772013272162
-40	-0.30996913872346	19.6782038320225
-35	-0.30757247545521	19.6807270884622
-30	-0.302952985032356	19.6854731720564
-25	-0.296080890382278	19.6924718598779
-20	-0.290674096288452	19.6980052471431
-15	-0.284491283305481	19.7043146532975
-10	-0.277833141342747	19.7110993884317
-5	-0.271872385129495	19.7171867378163
0	-0.2633742938784	19.7258114222388
5	-0.257369141321323	19.7319431679673
10	-0.252841204311334	19.7365976981487
15	-0.243062397579767	19.7465030980517
20	-0.234688599236637	19.7550034895662
25	-0.215234190739288	19.774584491235
30	-0.152931395449997	19.8370138796957
35	-0.0422029716132997	19.9478688967038
40	0.0605316483815734	20.0507301098701
45	0.141219328500927	20.1315443831608
50	0.188682538163555	20.1791341859949
55	0.223089531281172	20.2136677722839
60	0.250980863324425	20.2416856974985
65	0.271668339953507	20.262499767299
70	0.285550747940746	20.2765087684577
75	0.296040841535063	20.2871254552234
80	0.302709214007386	20.2939204208671
85	0.309426255405921	20.3007640554371
90	0.314076509480412	20.305540902683
95	0.315581582698364	20.3071725690723
100	0.31611681447783	20.3078343940232
105	0.316945083008779	20.3087892557256
110	0.317144692085645	20.3091154579738
115	0.318548909345669	20.3106462684053
120	0.319530720321744	20.3117546725528
125	0.319806051847685	20.3121565972501
130	0.319896645933017	20.3123737845069
135	0.320321816593985	20.3129255483392
140	0.322019039686374	20.314749364603
145	0.322684637116293	20.3155415552044
150	0.32627449476664	20.3192580060261
155	0.326019270586649	20.3191293750175
160	0.327291395513253	20.3205280931155
165	0.329024539654341	20.322387830428
170	0.329391202139629	20.3228810860847
175	0.329656653505275	20.3232731306218
180	0.330402906737568	20.3241459770255
185	0.330579918318374	20.3244495817777
190	0.329964248599691	20.3239605052304
195	0.330310043555844	20.324432893358
200	0.329581199377916	20.3238306423515
205	0.329026614375529	20.3234026505205
210	0.328213926697021	20.3227165560134
215	0.32789272510767	20.3225219475954
220	0.328370471975173	20.3231262876344
225	0.32758175449526	20.3224641633259
230	0.327300259146799	20.3223092611488
235	0.326541986088429	20.3216775812618
240	0.326960090948944	20.3222222792938
245	0.327786270339761	20.323175051856
250	0.328259857128167	20.3237752318158
255	0.329238932683626	20.3248809005427
260	0.329813996262835	20.3255825572933
265	0.329361824520642	20.3252569787225
270	0.329301596831289	20.3253233442046
275	0.32861422557577	20.3247625661204
280	0.328702495505617	20.3249774292217
285	0.32958697761309	20.3259885045006
290	0.329623521897457	20.3261516419564
295	0.329422530048394	20.3260772432787
300	0.329029773683409	20.3258110800851
305	0.32885135728316	20.3257592568563
310	0.328684532389033	20.3257190251336
315	0.328608943280045	20.325770029196
320	0.328698572382294	20.3259862514696
325	0.328639950300236	20.326054222559
330	0.328512363604244	20.3260532290344
335	0.328537586949075	20.3262050455506
340	0.32854333471543	20.3263373864884
345	0.328077904252179	20.3259985491966
350	0.327845490951443	20.3258927290672
355	0.3278429920639	20.3260168233511
360	0.327863011461726	20.3261634359203
365	0.327920430472393	20.3263474481024
370	0.327857568087012	20.3264111788884
375	0.327786368515049	20.3264665724879
380	0.327797454300789	20.326604251445
385	0.327652835961118	20.3265862262768
390	0.327286618087467	20.3263466015745
395	0.326950955872029	20.3261375325305
400	0.326777258991594	20.3260904288215
