400	0.33383793911803	20.2922235769901
395	0.335036782944997	20.2935231176988
390	0.335650444187603	20.2942374758232
385	0.33429682939023	20.2929845579076
380	0.335890619911932	20.294679045311
375	0.338521146161959	20.2974102684428
370	0.336354851152851	20.2953446703154
365	0.334653575391194	20.2937440914355
360	0.335523965341643	20.2947151782677
355	0.336693066813197	20.295984976621
350	0.336728693507375	20.2961213001969
345	0.338376050761205	20.2978693543325
340	0.340609140393052	20.3002031408461
335	0.340653362940106	20.3003480602749
330	0.339459163544817	20.2992545577613
325	0.338251623098191	20.2981477141965
320	0.338451276032647	20.2984480640127
315	0.34015022833065	20.3002477131924
310	0.339343362096155	20.2995415438397
305	0.338232731866213	20.2985316104915
300	0.338901655062699	20.2993012305697
295	0.336919126074989	20.2974193984637
290	0.335861281900677	20.2964622511712
285	0.335502976729664	20.2962046428819
280	0.335731623998626	20.2965339870326
275	0.335086403130074	20.2959894630458
270	0.334035748082876	20.2950395048803
265	0.336884471951638	20.2979889256309
260	0.339908756591491	20.3011139071525
255	0.338237013881947	20.2995428613247
250	0.336614577670513	20.298021121995
245	0.337576203110476	20.2990834443167
240	0.336567104349019	20.298175042437
235	0.338078794684286	20.299787429654
230	0.338363082711101	20.3001724145625
225	0.339928250667178	20.3018382794004
220	0.339116777078527	20.3011275026935
215	0.336916541104024	20.2990279636007
210	0.336595130767716	20.2988072501461
205	0.336656134379407	20.2989689506396
200	0.33736591183515	20.2997794249771
195	0.335565076553472	20.2980792865771
190	0.334647118597562	20.297262025503
185	0.336194091015336	20.2989096948025
180	0.337416799065693	20.3002330997346
175	0.334803664801839	20.2977206623525
170	0.332462049176552	20.2954797436089
165	0.330609208999132	20.2937276003133
160	0.328773606869881	20.2919926950658
155	0.330190677976226	20.2935104630538
150	0.329533208464298	20.2929536904237
145	0.328476465976156	20.2919976448173
140	0.328738157342915	20.2923600330658
135	0.32843797019493	20.2921605427995
130	0.327309217904464	20.2911324873908
125	0.327221741323413	20.2911457076915
120	0.327304420315667	20.2913290835655
115	0.326686774225287	20.2908121343569
110	0.326102769030111	20.2903288260434
105	0.325364138410603	20.2896908923057
100	0.324990458076122	20.2894179088529
95	0.324677669841918	20.2892058175005
90	0.324367950886987	20.2889967954273
85	0.32346436035597	20.288193901778
80	0.320366213023298	20.2851964513271
75	0.315044893837637	20.2799758290232
70	0.308955794676951	20.2739874267442
65	0.304912237432042	20.2700445663811
60	0.299496138377659	20.2647291642084
55	0.292327821142351	20.2576615438549
50	0.286571903344466	20.2520063229387
45	0.277977079000731	20.2435121954768
40	0.268421079782911	20.2340568931407
35	0.257654245080349	20.2233907553199
30	0.245012859015372	20.2108500661366
25	0.231912337757361	20.1978502417604
20	0.218130189029992	20.1841687899147
15	0.20293198808265	20.1690712858491
10	0.186427024828497	20.1526670194767
5	0.170437411953735	20.1367781034837
0	0.155093486333026	20.1215348747448
-5	0.138029822646583	20.1045719079401
-10	0.120437610056989	20.0870803922322
-15	0.103779737687614	20.0705232167446
-20	0.0862015640406391	20.0530457399794
-25	0.0666239412285563	20.033568814049
-30	0.0452369150841534	20.0122824847864
-35	0.0228055091833141	19.9899517757673
-40	-0.0031103256399625	19.9641366378257
-45	-0.0352645665238889	19.9320830938236
-50	-0.0740991931237147	19.8933491641055
-55	-0.119089668060759	19.8484593860502
-60	-0.160161211377982	19.8074885396147
-65	-0.194635253240197	19.7731151946342
-70	-0.222692792420528	19.7451583523356
-75	-0.244266846332724	19.7236849953052
-80	-0.259322607345471	19.7087299311742
-85	-0.272360350668773	19.6957928847326
-90	-0.284304399555133	19.683949532728
-95	-0.292146102819185	19.6762085263457
-100	-0.29938089856028	19.6690744274864
-105	-0.30684816662589	19.6617078563025
-110	-0.311370971130525	19.6572857486796
-115	-0.318633983626025	19.6501234330659
-120	-0.325317242697786	19.6435408708758
-125	-0.327202506784662	19.6417563036707
-130	-0.329036639625045	19.6400228677121
-135	-0.330461394100471	19.6386988101184
-140	-0.331560698401542	19.6377002026991
-145	-0.335266970805449	19.6340946271769
-150	-0.338487759317537	19.6309745355466
-155	-0.33863690266783	19.630926089078
-160	-0.340849350237736	19.6288143383899
-165	-0.34300970397906	19.6267546815303
-170	-0.344038528353646	19.6258265540374
-175	-0.345553048558124	19.6244127307147
-180	-0.345541145263617	19.624525330891
-185	-0.345696240309088	19.6244709327272
-190	-0.346678300096311	19.6235895698218
-195	-0.347077015380783	19.623291551419
-200	-0.347351316155102	19.6231179475265
-205	-0.34699346227881	19.6235764982845
-210	-0.346454897128098	19.624215760317
-215	-0.347273718201432	19.6234976361254
-220	-0.347846423083659	19.6230256281249
-225	-0.348532117846649	19.6224406302436
-230	-0.348707918125211	19.6223655268468
-235	-0.348732862752492	19.6224412791013
-240	-0.348971852139385	19.6223029865961
-245	-0.349136539966661	19.6222389956506
-250	-0.349300730466158	19.6221755020329
-255	-0.34956911496117	19.6220078144196
-260	-0.349673808357746	19.6220038179048
-265	-0.350009413014018	19.6217689101302
-270	-0.349902246480418	19.6219767735456
-275	-0.349770030094135	19.6222096868136
-280	-0.349936702937704	19.6221437108518
-285	-0.349506282422158	19.6226748282491
-290	-0.349448762185322	19.6228330453677
-295	-0.349680894410888	19.6227016100238
-300	-0.349590297496125	19.6228929038203
-305	-0.349237414603817	19.6233464835944
-310	-0.348669678673147	19.6240149164068
-315	-0.347338414966142	19.6254468769956
-320	-0.345814100824814	19.6270718880186
-325	-0.345502659374564	19.6274840263506
-330	-0.344991957139065	19.6280954254679
-335	-0.344986236245077	19.6282018432436
-340	-0.34615349758176	19.6271352787887
-345	-0.343777027747265	19.6296124455049
-350	-0.342844608060954	19.630645562073
-355	-0.343461656379056	19.6301292106366
-360	-0.342265785239572	19.6314257786578
-365	-0.340521248712406	19.6332710120668
-370	-0.340551651440741	19.6333413062202
-375	-0.339864563809531	19.6341290907331
-380	-0.337583962766665	19.6365103886577
-385	-0.336342274556422	19.6378527737497
-390	-0.33492554569429	19.6393701994936
-395	-0.33479816150609	19.6395982805635
-400	-0.334529346591392	19.63996779236
-395	-0.334076979343891	19.6405208564892
-390	-0.334213896736259	19.6404846359786
-385	-0.334131928471098	19.6406673011255
-380	-0.33403267753571	19.6408672489427
-375	-0.334109396252416	19.6408912271077
-370	-0.334200558277804	19.6409007619641
-365	-0.334256309612694	19.6409457075109
-360	-0.334334129307873	19.6409685846975
-355	-0.334509253064876	19.6408941578222
-350	-0.334583641860249	19.6409204659086
-345	-0.334730287366945	19.6408745172836
-340	-0.334603502202089	19.6411019993302
-335	-0.333514668070347	19.6422915303437
-330	-0.334077373630965	19.6418295216649
-325	-0.334408994925081	19.6415985972525
-320	-0.333919737870485	19.6421885511888
-315	-0.334124632367221	19.6420843535738
-310	-0.334698014504252	19.6416116683185
-305	-0.334752110028347	19.6416582696762
-300	-0.3350196506142	19.6414914259721
-295	-0.335420902804056	19.641190870664
-290	-0.335882378048158	19.6408300923016
-285	-0.336220743963661	19.6405924232679
-280	-0.336168227098621	19.6407456370147
-275	-0.336047615970646	19.6409669450244
-270	-0.336250100899779	19.640865156977
-265	-0.336435665343103	19.6407802894154
-260	-0.336563193211838	19.6407534584284
-255	-0.336682153831845	19.6407351946902
-250	-0.336896123525424	19.6406219218783
-245	-0.337046982286022	19.6405717599995
-240	-0.337199967121165	19.6405194720461
-235	-0.33769564704216	19.6401244890068
-230	-0.338031723708102	19.6398891092226
-225	-0.33780473308877	19.6402167967237
-220	-0.337864205576491	19.6402580211177
-215	-0.337870077032747	19.6403528465432
-210	-0.338065110266335	19.6402585101914
-205	-0.338148998642477	19.640275318697
-200	-0.338045906760893	19.6404791074603
-195	-0.338225234180165	19.6404004769228
-190	-0.338206472093255	19.6405199358914
-185	-0.338307386655931	19.6405197182105
-180	-0.338504154085403	19.6404236476628
-175	-0.338791877110118	19.6402366215198
-170	-0.338529577230968	19.6405996182807
-165	-0.338020144698454	19.641209747695
-160	-0.338350221912979	19.6409803673622
-155	-0.338445726631367	19.6409855595256
-150	-0.338420738354909	19.6411112446838
-145	-0.33805615706823	19.6415765228522
-140	-0.33803122371863	19.6417021530835
-135	-0.336849831928053	19.6429842417558
-130	-0.334601403008218	19.6453333675574
-125	-0.332369329589927	19.6476661378575
-120	-0.329079297635623	19.6510568666935
-115	-0.327777520884439	19.6524593403264
-110	-0.326712490628857	19.6536250674638
-105	-0.323817856754491	19.6566203982199
-100	-0.321795249438427	19.6587437024177
-95	-0.320858177285441	19.6597814714524
-90	-0.319120858256593	19.661619487363
-85	-0.314910348622504	19.6659306938788
-80	-0.309083151632048	19.6718585877511
-75	-0.304781443144069	19.6762609931208
-70	-0.300814372198754	19.6803287609478
-65	-0.293694730703386	19.687549099325
-60	-0.285259527988124	19.696084998922
-55	-0.279641284181995	19.7018039396098
-50	-0.270946099569777	19.7105998211038
-45	-0.262367446030268	19.7192791715251
-40	-0.25220945663408	19.729537857803
-35	-0.243951025279461	19.7378969860393
-30	-0.23098194459941	19.7509667636011
-25	-0.217974180023511	19.7640752250588
-20	-0.205427614134425	19.7767224878296
-15	-0.193054892914006	19.7891959059318
-10	-0.180364297689028	19.8019871980385
-5	-0.16467119511908	19.8177809974902
0	-0.150565672945401	19.8319872165456
5	-0.137861864288347	19.8447917220844
10	-0.124977972331962	19.8577763109226
15	-0.112169135321675	19.8706858448146
20	-0.097541808793828	19.8854138682242
25	-0.0831906792976156	19.8998656946021
30	-0.0651347856886453	19.9180222850929
35	-0.0462472784017685	19.9370104892615
40	-0.0246205848056249	19.9587378797394
45	0.00510245771580031	19.9885616191425
50	0.0506847627404348	20.0342446210489
55	0.107059091147505	20.0907196463377
60	0.158717193667979	20.14247844574
65	0.196284876091148	20.1801468250449
70	0.227296398795716	20.2112590446312
75	0.252722920482981	20.2367862632002
80	0.273054095846909	20.2572181354459
85	0.286343751263818	20.2706084877445
90	0.295572338273928	20.2799377716364
95	0.30381138229005	20.2882775125342
100	0.308307285006137	20.2928741121321
105	0.316628311999867	20.3012958360076
110	0.321837761024359	20.3066059819138
115	0.322751240768358	20.3076201585395
120	0.32405864361353	20.3090282582665
125	0.326327061824092	20.3113973733588
130	0.326688070386847	20.3118590788033
135	0.329662719730376	20.3149344250285
140	0.331892228978056	20.317264631158
145	0.332683522051983	20.3181566211136
150	0.3344573091942	20.3200311051376
155	0.334962160685478	20.3206366535106
160	0.336103077411302	20.3218782671182
165	0.336715412605908	20.3225912991945
170	0.335892430662	20.3218690141324
175	0.335312492924785	20.3213897732769
180	0.334374422719993	20.3205523999539
185	0.335068997664948	20.3213476717806
190	0.337310614557953	20.3236899855553
195	0.338450532430336	20.3249306003094
200	0.337069088227747	20.3236498529886
205	0.337151749183967	20.3238332108266
210	0.338040954157833	20.3248231126822
215	0.337978812293816	20.3248616676999
220	0.337505165373525	20.3244887176614
225	0.337874519715257	20.3249587688848
230	0.338278366782497	20.3254633128338
235	0.338378597210848	20.3256642401439
240	0.338133130334942	20.3255194701498
245	0.338189728097923	20.3256767647945
250	0.337775554993367	20.3253632885717
255	0.337580202088894	20.325268632549
260	0.337629112717664	20.3254182400595
265	0.337624508873169	20.3255143330967
270	0.337856293041096	20.3258468141464
275	0.337815487811522	20.3259067057986
280	0.337843693765752	20.3260356086345
285	0.337805988838362	20.3260986005889
290	0.337669701447211	20.3260630100795
295	0.337566425603224	20.3260604311172
300	0.336950930439617	20.3255456328354
305	0.336832153379635	20.3255275526571
310	0.336738166398	20.3255342625573
315	0.336572119042511	20.3254689120835
320	0.33645170369757	20.3254491936203
325	0.33643291370894	20.3255311005134
330	0.336693196659024	20.3258920803453
335	0.336603063706196	20.3259026442742
340	0.336401571682707	20.3258018491324
345	0.336196883480856	20.3256978578123
350	0.336278959513553	20.3258806307268
355	0.336407124868359	20.3261094929633
360	0.336183594375978	20.3259866593527
365	0.336006171455367	20.3259099333138
370	0.335653161537362	20.3256576202776
375	0.335189697482498	20.3252948531044
380	0.334970098648814	20.3251759511525
385	0.335020475646516	20.325327025032
390	0.335113682772597	20.3255209290398
395	0.335192305537337	20.3257002486863
400	0.335125449876401	20.3257340899071
