200	0.00529009047600082	0.638035630893376
195	0.00505971392652116	0.637784008165195
190	0.00463119450007765	0.63733424256005
185	0.00364768801135529	0.636329489892627
180	0.00321563546072356	0.635876191163294
175	0.00392921353014575	0.636568523054014
170	0.00464452152487893	0.637262584870046
165	0.00410596129304108	0.636702778459507
160	0.00321101484066633	0.635786585828431
155	0.00256387923673185	0.635118204045795
150	0.00239859229476791	0.63493167092513
145	0.00198523741965706	0.634497069871318
140	0.00235723555716427	0.634847821830124
135	0.00446376111024638	0.636933101204505
130	0.00459131160452309	0.63703940552008
125	0.00301993990544669	0.635446787642302
120	0.00402130329100292	0.636426904849157
115	0.00463033695627169	0.637014692335725
110	0.00386155152726497	0.636224660728017
105	0.00363017451252445	0.635972037534575
100	0.00415919018678723	0.636479807030137
95	0.00437931213875653	0.636678682803405
90	0.00326748550408928	0.635545609990036
85	0.00288749382244124	0.635144372129687
80	0.00251569227017223	0.634751324398716
75	0.00269343937857647	0.634907825328419
70	0.00271509032558093	0.634908230096722
65	0.00359378953225775	0.635765683124698
60	0.00499148278748318	0.637142130201222
55	0.0033722226654882	0.635501623900526
50	0.00197348173692857	0.634081636793265
45	0.002433539946608	0.634520448824243
40	0.00310704753080204	0.635172710229736
35	0.00319633365967642	0.635240750179909
30	0.00324693685654764	0.635270107198079
25	0.00270083218250128	0.634702756345331
20	0.00218897320488831	0.634169651189017
15	0.00221505903712593	0.634174490842553
10	0.00160013796160507	0.633538323588331
5	0.00128703396925223	0.633203973417277
0	0.00136533849265763	0.633261031761981
-5	0.0012014597452793	0.633075906835901
-10	0.000670848677250202	0.632524049589171
-15	-0.000243272066867584	0.631588682666352
-20	-0.000960856647340802	0.630849851907177
-25	-0.00160091187146261	0.630188550504354
-30	-0.00260348447181913	0.629164731725296
-35	-0.0035102524552616	0.628236717563153
-40	-0.00411571548934164	0.627610008350371
-45	-0.00450043212007523	0.627204045540936
-50	-0.00465725913528769	0.627025972347023
-55	-0.00448642504676233	0.627175560256847
-60	-0.00452523344024691	0.627115505684661
-65	-0.00530654362918292	0.626312949317024
-70	-0.00496949779725575	0.626628748970249
-75	-0.00478684901717952	0.626790151571624
-80	-0.00560743692849719	0.625948317481605
-85	-0.00498866562500544	0.626545842606396
-90	-0.00421968819568508	0.627293573857015
-95	-0.00504746055076943	0.626444555323229
-100	-0.00493925967903153	0.626531510016266
-105	-0.00530672209530525	0.626142801421291
-110	-0.00566737948366625	0.625760897854229
-115	-0.00401489309314507	0.627392138066048
-120	-0.0032431523814852	0.628142632599007
-125	-0.00380303352841815	0.627561505273373
-130	-0.00387981188992637	0.627463480733163
-135	-0.00330871236880159	0.628013334075587
-140	-0.00342499511617245	0.627875805149514
-145	-0.00427622414001461	0.627003329946971
-150	-0.00400620335984947	0.627252104548435
-155	-0.0037624849549327	0.62747457677465
-160	-0.00485318325139128	0.62636263229949
-165	-0.00455994877621535	0.626634620595965
-170	-0.00326045541534747	0.627912867778132
-175	-0.00317312454687058	0.627978952467907
-180	-0.00316446342547871	0.627966367410598
-185	-0.00433745874837188	0.626772125909003
-190	-0.00392453208200749	0.627163806396666
-195	-0.00315842208625638	0.627908670213716
-200	-0.00258081942852695	0.628465026692744
-195	-0.00340738163275334	0.627617218309817
-190	-0.00343283723966614	0.627570516524203
-185	-0.00381593131700719	0.62716617626816
-180	-0.00383639232944588	0.62712446907702
-175	-0.00330270323408455	0.62763691199368
-170	-0.00388920778567614	0.627029161263387
-165	-0.00400694260438372	0.626890180265979
-160	-0.00383844603160566	0.627037430660055
-155	-0.00422792261465965	0.6266267078983
-150	-0.00335020484518278	0.627483179489076
-145	-0.00293919569475809	0.627872942460799
-140	-0.00353623938773806	0.627254652589118
-135	-0.00388568720615079	0.626883958592004
-130	-0.00356317952217233	0.627185220097281
-125	-0.00336032964722421	0.627366823793528
-120	-0.00317272798821389	0.627533179273837
-115	-0.00282208717474819	0.627862573908601
-110	-0.00333928281996632	0.627324132084682
-105	-0.00334871147977389	0.627293457246173
-100	-0.00329173234566937	0.627329190201576
-95	-0.00373674844319427	0.62686292792535
-90	-0.00386731279872854	0.626711117391114
-85	-0.00348762902892907	0.627069554982212
-80	-0.00247506174858836	0.628060876083852
-75	-0.00251727468695373	0.627997416966785
-70	-0.00373284554190512	0.626760599933132
-65	-0.00357116391703327	0.626901035379303
-60	-0.00371991732087895	0.626731035796756
-55	-0.00353901904370957	0.626890687895224
-50	-0.00329224903972347	0.627116211720509
-45	-0.00402048216504736	0.626366732416484
-40	-0.00495264279462015	0.62541332560821
-35	-0.00412699789083848	0.62621772433329
-30	-0.00367634934356365	0.626647126701864
-25	-0.00366033504245766	0.626641894824268
-20	-0.00362717192413375	0.626653811763891
-15	-0.00371594015137144	0.626543797357952
-10	-0.00285655266887497	0.627381938661747
-5	-0.00231065734911007	0.627906587802811
0	-0.0022031965092284	0.627992802463991
5	-0.00182322500713217	0.628351527787386
10	-0.00131025576507005	0.628843250850747
15	-0.000586098631527143	0.629546161805588
20	-0.000189386833040484	0.629921627425374
25	0.000552683252835751	0.630642451332549
30	0.00160719440298951	0.631675716304001
35	0.00247400598303993	0.63252128170535
40	0.00344455147951794	0.633470581023127
45	0.00425880101326659	0.634263584378174
50	0.00517783489750423	0.635161372083711
55	0.00558752906575311	0.635549820073258
60	0.00570522181272515	0.635646266641529
65	0.00560248027770505	0.635522278927808
70	0.00541411721489538	0.635312669686297
75	0.00414789562504381	0.634025201917744
80	0.00393380411276956	0.633789864226768
85	0.00409122875603651	0.633926042691334
90	0.00368918626483794	0.633502754021434
95	0.00426922792392148	0.634061549501816
100	0.00465225904742839	0.634423334446622
105	0.00394070341046038	0.633690532630953
110	0.00423003727615334	0.633958620317944
115	0.00360900245432139	0.633316339317411
120	0.00350048678255899	0.633186577466947
125	0.00522351338908911	0.634888357894776
130	0.00532792387185954	0.634971522198845
135	0.00454738361523688	0.634169735763521
140	0.00365560751487548	0.633256713484459
145	0.00406064482570678	0.633640504616588
150	0.0045143878917866	0.634073001503967
155	0.0052492672601544	0.634786634693634
160	0.00464365258527788	0.634159773840056
165	0.00456139934766475	0.634056274423741
170	0.00449002942595922	0.633963658323334
175	0.0042185654246929	0.633670948143367
180	0.00501247029761243	0.634443606837585
185	0.00493746249609028	0.634347352857362
190	0.00467827530177878	0.634066919484349
195	0.00478214309634484	0.634149541100214
200	0.00532936489616442	0.634675516721332
