200	0.433792482651118	27.8492163361548
195	0.432445136804592	27.8496802724637
190	0.433088369400657	27.8521347872153
185	0.433775933294132	27.8546336332642
180	0.434168009773543	27.8568369918991
175	0.433631053200525	27.8581113174815
170	0.432122368481132	27.8584139149176
165	0.431127522718278	27.8592303513102
160	0.431447587206996	27.8613616979544
155	0.43104314354192	27.8627685364448
150	0.431117021852529	27.8646536969109
145	0.431180610023276	27.8665285672371
140	0.4295901699852	27.8667494093545
135	0.42797584621032	27.8669463677351
130	0.42611439589875	27.866896199579
125	0.423472776039016	27.8660658618747
120	0.421599222033144	27.8660035900243
115	0.419904007167993	27.8661196573146
110	0.418105402170589	27.8661323344727
105	0.416666872479087	27.8665050869367
100	0.416071311404572	27.8677208080176
95	0.419305046059101	27.8727658248276
90	0.425238530705741	27.8805105916297
85	0.428521217774268	27.8856045608537
80	0.427327764362158	27.8862223895971
75	0.42587848441676	27.8865843918071
70	0.427032102574742	27.8895492921206
65	0.429451925125271	27.8937803968266
60	0.432239624978166	27.8983793788349
55	0.434416373869428	27.9023674098817
50	0.434209931878975	27.9039722500467
45	0.433215359943748	27.9047889602669
40	0.431562808520898	27.9049476909996
35	0.430173797037845	27.905369961672
30	0.428708328781973	27.9057157755716
25	0.428008956548222	27.9068276854933
20	0.427604407562068	27.9082344186626
15	0.427646807366298	27.9100881006223
10	0.428479947034038	27.9127325224455
5	0.428854360111902	27.9149182176788
0	0.42854850922339	27.9164236489458
-5	0.424578459081626	27.9142648809595
-10	0.414819799065857	27.9063175030992
-15	0.410330955417486	27.9036399416063
-20	0.412213266468854	27.9073335348131
-25	0.345097153217402	27.8420287037171
-30	0.107258477124969	27.6060013097802
-35	-0.173333984306954	27.3272201305037
-40	-0.3324551492517	27.1699102477144
-45	-0.405882660159097	27.0982940189625
-50	-0.437776888469454	27.0682110728076
-55	-0.454566018373352	27.0532332250592
-60	-0.46069290505795	27.0489176205301
-65	-0.46690948304779	27.0445123246957
-70	-0.472528144681551	27.0407049452174
-75	-0.475573393610738	27.0394709784437
-80	-0.47522889329824	27.0416267609117
-85	-0.475029445724111	27.0436374906413
-90	-0.475445022424754	27.0450331960961
-95	-0.475786255474922	27.0465032452014
-100	-0.475453443858992	27.0486473389728
-105	-0.474518697904351	27.0513933670829
-110	-0.474030614420681	27.053692732722
-115	-0.470225384312613	27.0593092449856
-120	-0.465516271756407	27.0658296396972
-125	-0.463444321345843	27.0697128722633
-130	-0.464350386334416	27.0706180894302
-135	-0.465312457367492	27.0714673005526
-140	-0.464999013328399	27.0735920267471
-145	-0.461326143080456	27.0790761791505
-150	-0.457299324200825	27.0849142801856
-155	-0.455860575917956	27.088164310624
-160	-0.456852929673037	27.0889832390244
-165	-0.458401495340304	27.0892459555126
-170	-0.459594933988093	27.0898637990202
-175	-0.459458179256277	27.0918118359075
-180	-0.459073471304929	27.0940078260143
-185	-0.45869772127757	27.0961948581972
-190	-0.457060816589557	27.0996430450406
-195	-0.455596240014447	27.1029189037712
-200	-0.453467193962737	27.1068592319784
-195	-0.454497835329459	27.1076398727671
-190	-0.455612287047181	27.1083367032049
-185	-0.455961430496053	27.1097988419115
-180	-0.453833552559082	27.1137380020039
-175	-0.451305998203651	27.1180768385148
-170	-0.449689178305455	27.1215049405685
-165	-0.448349734404754	27.1246556666247
-160	-0.448618936652359	27.1261977465325
-155	-0.449578690323357	27.127049275017
-150	-0.449104819927598	27.1293344275682
-145	-0.446131580805996	27.1341189488453
-140	-0.442213143440814	27.1398486683659
-135	-0.440303695945538	27.1435693980167
-130	-0.441114766400922	27.1445696097168
-125	-0.442837538858818	27.1446581194143
-120	-0.444439674204414	27.1448672662242
-115	-0.445952859281935	27.1451653633022
-110	-0.447087976942552	27.145841527797
-105	-0.447289013349131	27.1474517735459
-100	-0.447279960938261	27.1492721081122
-95	-0.445134062936873	27.1532292882691
-90	-0.441930185202047	27.1582444481594
-85	-0.440706658863302	27.1612792566536
-80	-0.440830604281452	27.1629665933909
-75	-0.442112672677229	27.1634958071506
-70	-0.442516013545941	27.1649037484374
-65	-0.440337946486498	27.1688930976523
-60	-0.437289404932052	27.1737529213622
-55	-0.436017735197662	27.1768358732521
-50	-0.435053150513248	27.1796117400919
-45	-0.434756407621471	27.1817197651392
-40	-0.435113252084459	27.1831742028317
-35	-0.434065400875994	27.1860333361956
-30	-0.430901270557069	27.19100874867
-25	-0.429007644278602	27.1947136571039
-20	-0.428302881009706	27.1972297025283
-15	-0.427270604849561	27.2000732608439
-10	-0.426714642894751	27.2024405049542
-5	-0.424972219155485	27.2059942108489
0	-0.422561818615343	27.2102158935445
5	-0.419760067722944	27.2148289265924
10	-0.418039921609939	27.2183603548609
15	-0.41786636982312	27.2203451888032
20	-0.371352618510201	27.2686702222715
25	-0.153697650874523	27.4881364720627
30	0.138505660214044	27.7821510653067
35	0.307124680394043	27.9525813676422
40	0.389724281344229	28.0369922507478
45	0.422324106490471	28.0714033580496
50	0.43710700904294	28.0879975427575
55	0.44730730807607	28.1000091239461
60	0.452315060460631	28.1068281584861
65	0.451926612030885	28.1082509922118
70	0.450566958886604	28.108702621223
75	0.4493166834669	28.1092636279588
80	0.448691472339277	28.1104496989866
85	0.449681728324791	28.1132512371276
90	0.449235864357082	28.1146166553154
95	0.448577824618798	28.1157698977326
100	0.44964319214165	28.1186465474109
105	0.450523030302755	28.1213376677275
110	0.451090016290788	28.123715935871
115	0.450618101048892	28.1250553027845
120	0.450277126742019	28.1265256106331
125	0.448879956658352	28.1269397227049
130	0.447193998827025	28.1270650470291
135	0.445658603918982	28.1273409342765
140	0.443932849078713	28.1274264615917
145	0.442474234458349	28.1277791291268
150	0.441481178786038	28.12859735561
155	0.439877810064814	28.1288052690442
160	0.437680487715753	28.1284192288506
165	0.43591286388255	28.1284628871729
170	0.4376471910007	28.1320084964465
175	0.440062473314928	28.1362350609162
180	0.439462076620881	28.1374459463776
185	0.439652131908645	28.1394472838208
190	0.440285240632146	28.1418916746998
195	0.438840487855249	28.1422582040784
200	0.436501799768191	28.1417307981468
