500	0.446098405200708	22.3310509430312
490	0.4465493945807	22.3314590772512
480	0.445708478878231	22.3305753063887
470	0.445305924531183	22.3301298968817
460	0.445164881452861	22.3299459986434
450	0.443838923199991	22.3285771852306
440	0.444058572791743	22.3287539796623
430	0.444763834828553	22.3294163865392
420	0.444261653473241	22.3288713500239
410	0.442487020190313	22.327053861581
400	0.441567496818219	22.3260914830489
390	0.442272878743545	22.3267540098143
380	0.441861747337637	22.3263000232484
370	0.440545629075178	22.3249410498259
360	0.440793704671151	22.3251462702619
350	0.440595180222815	22.3249048906536
340	0.440655012626621	22.3249218678975
330	0.440729258623549	22.3249532587344
320	0.440229725982491	22.3244108709334
310	0.439600723383542	22.3237390131744
300	0.438694499449724	22.3227899340807
290	0.438720643605993	22.3227732230769
280	0.438997013626739	22.3230067379377
270	0.438249055271228	22.3222159244222
260	0.435865821426617	22.3197898354176
250	0.435975903602813	22.3198570624339
240	0.436044124623727	22.3198824282948
230	0.43568352831246	22.3194789768236
220	0.433416354647072	22.3171689479982
210	0.432749145561282	22.3164588837524
200	0.434811070435504	22.3184779534667
190	0.435785989565261	22.3194100174364
180	0.433620920293457	22.3172020930047
170	0.430404554288387	22.3139428718396
160	0.429399211143625	22.3128946735349
150	0.432761199085757	22.316213806317
140	0.433576568561676	22.316986320633
130	0.430649462897946	22.3140163598093
120	0.432352770938046	22.3156768126894
110	0.431171006530761	22.3144521931221
100	0.429244871389535	22.3124832028209
90	0.427368996194321	22.3105644724657
80	0.426261246220154	22.3094138673316
70	0.427554161098584	22.31066392705
60	0.42482240212674	22.3078893129182
50	0.420885732045893	22.3039097876774
40	0.419223211152826	22.3022044116244
30	0.419049917777414	22.301988263089
20	0.413177275329879	22.2960727654815
10	0.411816407046349	22.2946690420379
0	0.404774439834949	22.2875842196666
-10	0.397039266500407	22.2798061911721
-20	0.364739362765317	22.247463432277
-30	0.190991594057635	22.0736728084093
-40	-0.0572847964709737	21.8253535627207
-50	-0.228616100374573	21.6539794036572
-60	-0.319236116313562	21.5633165325582
-70	-0.364553741919725	21.5179560517921
-80	-0.381455449826031	21.5010114887258
-90	-0.392756883955389	21.4896671994364
-100	-0.404906050999259	21.4774751772326
-110	-0.411513586673834	21.470824786398
-120	-0.415076815731521	21.4672187021804
-130	-0.419855591418237	21.4623970713337
-140	-0.424901225228332	21.4573085823636
-150	-0.423696769592805	21.4584701828392
-160	-0.425542351351105	21.4565817459209
-170	-0.428174281972932	21.4539069601391
-180	-0.427892160532757	21.4541462264193
-190	-0.428056287599436	21.4539392441926
-200	-0.428338314575605	21.4536143620565
-210	-0.43163238324831	21.4502774382238
-220	-0.428707945860594	21.4531590204515
-230	-0.427429238941141	21.454394872211
-240	-0.430610862060231	21.4511703939319
-250	-0.431251994154888	21.4504864066773
-260	-0.433218875722165	21.4484766699501
-270	-0.432616390067523	21.4490363004447
-280	-0.432614817097367	21.4489950182549
-290	-0.43304845466696	21.4485185255253
-300	-0.433236234993036	21.4482878900393
-310	-0.433030667955371	21.448450601917
-320	-0.433756859452696	21.4476815552597
-330	-0.434913914523577	21.4464816450288
-340	-0.435344314692802	21.4460083896996
-350	-0.43519701126187	21.4461128379706
-360	-0.435017984469813	21.4462490096026
-370	-0.435268284920166	21.4459558539923
-380	-0.434944382000396	21.4462369017521
-390	-0.435093834625768	21.4460445939668
-400	-0.434483173703558	21.446612399729
-410	-0.434063329299732	21.4469893889728
-420	-0.435378814966342	21.4456310481463
-430	-0.435313346877308	21.4456536610753
-440	-0.434903846929672	21.446020305863
-450	-0.434836808422308	21.4460444892104
-460	-0.435150024622853	21.4456884178498
-470	-0.43494338123757	21.4458522060751
-480	-0.434625508330328	21.4461272238224
-490	-0.434915573302927	21.4457943036898
-500	-0.435699992802462	21.4449670290303
-490	-0.435986544701791	21.444637621971
-480	-0.435947059456289	21.4446342520565
-470	-0.436625765930089	21.4439126904228
-460	-0.436823969495737	21.4436716316971
-450	-0.436048287594545	21.4444044584383
-440	-0.436017778750347	21.4443921121226
-430	-0.435827804262733	21.4445392314502
-420	-0.436420443678013	21.4439037368749
-410	-0.436289304447609	21.4439920209454
-400	-0.436550879009644	21.4436875912234
-390	-0.438060181726197	21.4421354333468
-380	-0.438362793715367	21.4417899661977
-370	-0.437177786999683	21.4429321177534
-360	-0.436791882415115	21.443275167178
-350	-0.438053971020249	21.4419702234129
-340	-0.437872974070544	21.4421083652026
-330	-0.436548621276092	21.4433898628371
-320	-0.436119932118817	21.4437756968344
-310	-0.435605834565937	21.4442469392273
-300	-0.435751102203668	21.4440588164296
-290	-0.436068858536412	21.4436982049368
-280	-0.435747288181005	21.4439769201323
-270	-0.435288440386213	21.4443929127671
-260	-0.435774356538243	21.4438641414551
-250	-0.435515993405819	21.4440796494275
-240	-0.435630042669114	21.4439227450043
-230	-0.435765904648935	21.4437440278645
-220	-0.434892435892831	21.4445746414606
-210	-0.434731882402424	21.444692339791
-200	-0.434967234563761	21.4444141324697
-190	-0.434899716623065	21.4444387952504
-180	-0.434386403304586	21.4449092534089
-170	-0.434051289133645	21.4452015124199
-160	-0.434387825744061	21.4448221206495
-150	-0.434388098456768	21.4447789927768
-140	-0.434150796653878	21.4449734394197
-130	-0.43415039502322	21.4449309858904
-120	-0.434173347307667	21.444865178446
-110	-0.434069045350583	21.4449266252431
-100	-0.433767007319425	21.4451858081143
-90	-0.433739848681522	21.4451701115922
-80	-0.434014990700629	21.4448521144131
-70	-0.433795394227563	21.4450288557262
-60	-0.433240412851987	21.4455409819418
-50	-0.433491870233645	21.4452466694002
-40	-0.432953187769016	21.4457424967048
-30	-0.431497109761125	21.4471557195527
-20	-0.430067413803719	21.4485425603502
-10	-0.425499772057538	21.4530673469364
0	-0.415554822980539	21.4629694408534
10	-0.411228379653693	21.4672530290203
20	-0.381885088283653	21.4965534652303
30	-0.185665969215577	21.6927297291384
40	0.0648549583193301	21.9432078015133
50	0.223292739984476	22.1016027280185
60	0.306613327945666	22.1848804608197
70	0.356750372731639	22.2349746504457
80	0.383057789210149	22.2612392117643
90	0.388409045641037	22.2665476130352
100	0.391237944745445	22.2693336569796
110	0.393341430119154	22.2713942871933
120	0.394608259772838	22.272618261687
130	0.393959863043367	22.2719270097976
140	0.395894380136529	22.2738186717308
150	0.397858513675548	22.2757399501098
160	0.396615285590798	22.2744538668651
170	0.402803534033172	22.2805992601475
180	0.405248667261922	22.2830015382163
190	0.402319361219117	22.2800293770135
200	0.401004598104045	22.2786717587384
210	0.402022609140953	22.2796469146154
220	0.405293422319524	22.282874872634
230	0.406823728382506	22.284362323537
240	0.407837965803566	22.285333705798
250	0.409199951491438	22.2866528363259
260	0.411763244787362	22.2891732744619
270	0.414149404795314	22.2915165793099
280	0.413152953293853	22.2904772726484
290	0.413414930563562	22.2906963947582
300	0.419936277716051	22.2971748867507
310	0.421474312096713	22.2986700659714
320	0.425572293828107	22.3027251925428
330	0.429197398863277	22.306307442418
340	0.430207496264604	22.3072746846593
350	0.434150143533099	22.3111744767678
360	0.437404003249085	22.3143854813238
370	0.4415559484219	22.3184945713367
380	0.440126181985512	22.3170219497403
390	0.440051801122504	22.3169047137173
400	0.439178635243952	22.3159886926788
410	0.440182581532635	22.3169497838075
420	0.443033977463699	22.3197583245786
430	0.444078161972332	22.3207596539273
440	0.442912804866221	22.3195514416612
450	0.442383630580292	22.3189794122153
460	0.44498897260894	22.3215418990839
470	0.446528655842407	22.3230387271574
480	0.446465776489614	22.3229329926446
490	0.445740126956579	22.3221644879516
500	0.445764678773656	22.3221461846087
